  0.0000000E+00
  0.0000000E+00
  0.0000000E+00
  0.0000000E+00
  0.0000000E+00
  0.0000000E+00
  0.0000000E+00
  0.0000000E+00
  0.0000000E+00
  0.0000000E+00
  0.0000000E+00
  0.0000000E+00
  0.0000000E+00
  0.0000000E+00
  0.0000000E+00
  0.0000000E+00
  0.0000000E+00
  0.0000000E+00
  0.0000000E+00
  0.0000000E+00
  0.0000000E+00
  0.0000000E+00
  0.0000000E+00
  0.0000000E+00
  0.0000000E+00
  0.0000000E+00
  0.0000000E+00
  0.0000000E+00
  0.0000000E+00
  0.0000000E+00
  0.0000000E+00
  0.0000000E+00
  0.0000000E+00
  0.0000000E+00
  0.0000000E+00
  0.0000000E+00
  0.0000000E+00
  0.0000000E+00
  0.0000000E+00
  0.0000000E+00
  0.0000000E+00
  0.0000000E+00
  0.0000000E+00
  0.0000000E+00
  0.0000000E+00
  0.0000000E+00
  0.0000000E+00
  0.0000000E+00
  0.0000000E+00
  0.0000000E+00
  0.0000000E+00
  0.0000000E+00
  0.0000000E+00
  0.0000000E+00
  0.0000000E+00
  0.0000000E+00
  0.0000000E+00
  0.0000000E+00
  0.0000000E+00
  0.0000000E+00
  0.0000000E+00
  0.0000000E+00
  0.0000000E+00
  0.0000000E+00
  0.0000000E+00
  0.0000000E+00
  0.0000000E+00
  0.0000000E+00
  0.0000000E+00
  0.0000000E+00
  0.0000000E+00
  0.0000000E+00
  0.0000000E+00
  0.0000000E+00
  0.0000000E+00
  0.0000000E+00
  0.0000000E+00
  0.0000000E+00
  0.0000000E+00
  0.0000000E+00
  0.0000000E+00
  0.0000000E+00
  0.0000000E+00
  0.0000000E+00
  0.0000000E+00
  0.0000000E+00
  0.0000000E+00
  0.0000000E+00
  0.0000000E+00
  0.0000000E+00
  0.0000000E+00
  0.0000000E+00
  0.0000000E+00
  0.0000000E+00
  0.0000000E+00
  0.0000000E+00
  0.0000000E+00
  0.0000000E+00
  0.0000000E+00
  0.0000000E+00
  0.0000000E+00
  0.0000000E+00
  0.0000000E+00
  0.0000000E+00
  0.0000000E+00
  0.0000000E+00
  0.0000000E+00
  0.0000000E+00
  0.0000000E+00
  0.0000000E+00
  0.0000000E+00
  0.0000000E+00
  0.0000000E+00
  0.0000000E+00
  0.0000000E+00
  0.0000000E+00
  0.0000000E+00
  0.0000000E+00
  0.0000000E+00
  0.0000000E+00
  0.0000000E+00
  0.0000000E+00
  0.0000000E+00
  0.0000000E+00
  0.0000000E+00
  0.0000000E+00
  0.0000000E+00
  0.0000000E+00
  0.0000000E+00
  0.0000000E+00
  0.0000000E+00
  0.0000000E+00
  0.0000000E+00
  0.0000000E+00
  0.0000000E+00
  0.0000000E+00
  0.0000000E+00
  0.0000000E+00
  0.0000000E+00
  0.0000000E+00
  0.0000000E+00
  0.0000000E+00
  0.0000000E+00
  0.0000000E+00
  2.3358547E-04
  1.5098249E-04
  7.5728909E-05
  6.2021820E-05
 -1.7180495E-05
 -5.4177195E-05
 -1.2402877E-04
 -1.7509691E-04
 -1.4046118E-04
 -3.9915380E-05
 -5.9905160E-05
 -1.2386305E-04
 -1.8001586E-04
 -1.8088080E-04
 -1.4046849E-04
 -2.7055023E-04
 -3.6924260E-04
 -2.1401189E-04
 -3.1848776E-04
 -3.5536796E-04
 -5.6979235E-04
 -8.4607594E-04
 -1.0603532E-03
 -1.4845680E-03
 -1.7342835E-03
 -1.8171141E-03
 -1.7886541E-03
 -1.6816932E-03
 -1.2744678E-03
 -9.2285505E-04
 -7.6126936E-04
 -4.2791644E-04
 -7.8942423E-04
 -1.0059768E-03
 -6.2433491E-04
 -7.2851777E-04
 -8.7829342E-04
 -9.8818843E-04
 -1.0152532E-03
 -1.0109640E-03
 -9.5017359E-04
 -1.9274830E-03
 -2.9576886E-03
 -3.0617535E-03
 -2.8662118E-03
 -2.8215894E-03
 -2.9093435E-03
 -3.0675158E-03
 -3.1114910E-03
 -2.9873848E-03
 -2.8840043E-03
 -2.7642616E-03
 -2.4876599E-03
 -2.1972037E-03
 -1.9398024E-03
 -1.6657113E-03
 -1.4450001E-03
 -1.3619193E-03
 -1.0735393E-03
 -7.3309336E-04
 -2.8970282E-04
 -1.9756502E-04
  6.6625580E-05
  3.8888963E-04
  7.3525612E-04
  8.6769403E-04
  9.0317812E-04
  8.8674726E-04
  7.9232140E-04
  6.8371271E-04
  6.4066920E-04
  4.9337966E-04
  5.2443933E-04
  6.1426969E-04
  7.7219278E-04
  8.0176943E-04
  7.1889360E-04
  6.2135339E-04
  4.8006541E-04
  2.9870748E-04
  2.2660184E-04
 -3.4970988E-05
 -1.4570379E-04
 -2.0391781E-04
 -2.0744630E-04
 -9.4620511E-05
  1.3625457E-04
  1.7489295E-04
  2.2448575E-04
 -3.7825489E-04
 -3.6623873E-04
 -4.1330286E-04
 -5.0426187E-04
 -6.5735384E-04
 -1.0000524E-03
 -1.3622243E-03
 -1.7292665E-03
 -1.8947909E-03
 -1.6666745E-03
 -1.3001201E-03
 -9.7343524E-04
 -4.9300154E-04
 -5.0654385E-04
 -5.3953327E-04
 -8.0577575E-04
 -9.4925676E-04
 -7.0454722E-04
 -7.1012392E-04
 -6.9830660E-04
 -6.7547528E-04
 -7.1036001E-04
 -1.6018823E-03
 -2.6711987E-03
 -2.8955201E-03
 -3.1153939E-03
 -3.3872633E-03
 -3.4721631E-03
 -3.5866995E-03
 -3.7865574E-03
 -3.9494014E-03
 -3.6261182E-03
 -3.3439167E-03
 -3.3013788E-03
 -3.2243007E-03
 -2.8682009E-03
 -2.4463939E-03
 -2.2931634E-03
 -1.9646662E-03
 -1.0807946E-03
 -3.1290390E-04
 -1.9908593E-04
  3.5599500E-04
  3.8126798E-04
 -4.6146012E-04
 -2.9493077E-04
  2.4370720E-04
  6.7792379E-04
  4.5322010E-04
  5.9691322E-04
  6.3919387E-04
  6.0150307E-04
  4.3138285E-04
  7.8652415E-04
  7.0737640E-04
 -1.0288019E-03
 -1.4175104E-03
 -1.2091647E-03
 -1.1968585E-03
  8.0914516E-04
  4.9400190E-04
  4.8017706E-04
  6.9155722E-05
 -4.8046870E-05
 -3.0679026E-04
 -3.7123018E-04
 -2.9395171E-04
 -1.4668274E-04
 -5.1984629E-05
  1.9162499E-04
  4.2512373E-04
  5.4307457E-04
 -9.3450362E-05
 -3.9546896E-04
 -9.9558325E-04
 -1.0349110E-03
 -1.2707621E-03
 -1.3672408E-03
 -1.5015060E-03
 -1.6271992E-03
 -1.5697307E-03
 -1.0668405E-03
 -6.8665226E-04
 -5.0811761E-04
 -3.4884861E-04
 -3.4608383E-04
 -4.6364524E-04
 -4.0733028E-04
 -9.1919262E-04
 -2.6440463E-04
 -2.2674576E-04
 -1.4252774E-04
 -1.8540783E-04
 -3.3061238E-04
 -4.0674160E-04
 -2.2563942E-04
 -2.3404455E-03
 -1.9059991E-06
 -1.1894183E-03
 -2.5759100E-03
 -3.0274584E-03
 -3.0316988E-03
 -3.4373051E-03
 -3.1238389E-03
 -2.7974930E-03
 -2.1712622E-03
 -2.0762607E-03
 -2.5813750E-03
 -2.3131056E-03
 -1.5964335E-03
 -7.3615235E-04
  1.1773831E-04
  2.8176777E-04
  3.9488467E-04
  4.8129164E-04
  1.0470388E-03
  7.9064752E-04
  9.4059331E-04
  8.7108155E-04
  9.8276336E-04
  1.1965220E-03
  3.3169248E-04
  2.8442187E-04
  1.1996118E-04
  3.6691694E-05
  3.3686007E-05
 -8.6263439E-04
 -1.6822249E-03
 -1.5701936E-03
 -7.8741397E-04
 -5.3082348E-04
 -9.6987234E-04
 -1.5206919E-03
  4.0639890E-04
 -3.7068973E-04
 -1.1340792E-03
 -1.4304949E-03
 -1.3421896E-03
 -1.1414122E-03
  1.6215796E-04
 -9.0246130E-04
 -8.7680382E-04
 -6.6896819E-04
 -6.8986305E-04
 -8.4629667E-04
  1.1783842E-03
 -1.5873100E-03
 -1.4675915E-03
 -7.9529695E-05
 -3.8064815E-04
 -5.9463258E-04
 -5.1106029E-04
  6.4248736E-05
  4.7925275E-04
  3.8086997E-05
 -1.6440472E-04
 -3.8926527E-04
 -4.8150079E-04
 -4.3573161E-04
 -5.6350161E-04
 -9.3055592E-04
 -4.7991681E-04
 -1.3949934E-06
  1.0727032E-04
 -2.1255904E-04
 -6.0637301E-04
 -6.7440327E-04
 -4.6792167E-04
 -3.4077082E-05
 -2.2420380E-04
  1.5050167E-04
  6.8706904E-05
 -2.4047482E-03
 -1.3948653E-03
 -2.4861719E-03
 -2.4743071E-03
 -2.2733554E-03
  5.3024816E-04
  6.9655717E-04
 -1.7531923E-03
 -9.9956989E-04
 -2.2932536E-04
  4.2638101E-04
  5.0917122E-04
  8.6968044E-05
  1.5106110E-03
  1.5703734E-03
  5.5384962E-04
  8.8119309E-04
  1.1533085E-03
  8.8940572E-04
  7.8303280E-04
  8.0245070E-04
  4.7857998E-04
  2.3454185E-04
  2.2761525E-04
  7.8615785E-04
 -1.6266474E-03
 -1.6957677E-03
 -6.3504558E-04
 -6.3133496E-04
 -6.6521483E-05
 -1.3323846E-04
 -5.2466610E-04
 -9.2042272E-04
 -2.0278206E-04
 -2.4140528E-03
 -3.5926839E-03
 -3.9381729E-03
 -3.3861697E-03
 -2.8754692E-03
 -2.0856658E-04
 -1.6174994E-03
 -4.9537496E-04
 -5.5163197E-04
 -6.1038195E-04
 -8.1421074E-04
 -1.4274617E-03
 -1.5772033E-03
 -1.3859855E-03
  2.2391430E-03
  2.4205677E-03
  1.5863295E-03
  4.7693774E-04
  3.4170836E-04
  5.3857657E-04
  1.6398368E-04
  1.2677719E-05
 -1.9279309E-04
 -6.7492004E-04
 -7.9996005E-04
 -8.3377084E-04
 -5.9163372E-04
 -7.0902536E-04
 -2.7714606E-04
 -3.3176955E-04
 -1.0504812E-03
 -1.2732387E-03
 -1.0839782E-03
 -1.0102668E-03
 -9.3136670E-04
 -8.7732868E-04
 -8.2066224E-04
 -1.3895882E-03
 -1.5653545E-03
 -1.4773534E-03
 -1.3576921E-03
 -1.2079022E-03
 -9.7326923E-04
 -7.7866000E-04
 -5.6557317E-04
 -2.5412327E-04
  3.0137571E-05
  1.9381673E-04
  3.3165669E-04
  1.3548804E-04
 -4.7358929E-04
  1.3421056E-03
  1.4609286E-03
  7.4210513E-04
  5.3611782E-04
  5.9863669E-04
  4.6866300E-04
  6.8937929E-04
  8.3333498E-04
  6.2869058E-04
  1.0287855E-03
  1.3897310E-03
  1.5511421E-03
  1.7916762E-04
 -2.5404524E-04
  3.1851596E-04
 -4.4005862E-04
 -6.1611459E-04
 -6.0024980E-04
 -7.7158178E-04
 -7.3284295E-04
 -7.9125661E-04
 -1.3728800E-03
 -1.2293750E-03
 -9.2471234E-04
 -3.9074183E-03
 -3.0567676E-03
 -1.1657970E-03
 -5.7756520E-06
  8.4235729E-04
  8.2519487E-04
  5.5435678E-04
 -1.0519399E-03
 -1.7624742E-03
 -2.5417751E-03
 -1.6812177E-03
  5.6754361E-04
  1.0489825E-03
  6.6462700E-04
  2.5600457E-04
  3.6207799E-05
  8.1834267E-05
 -1.7062454E-04
 -9.0686546E-05
 -1.7722447E-04
 -1.0178676E-03
 -1.2013109E-03
 -1.2046036E-03
 -1.5996562E-03
 -1.4041100E-03
 -1.3237079E-03
 -1.3665326E-03
 -1.7066258E-03
 -1.9051958E-03
 -1.6118031E-03
 -1.4808803E-03
 -1.2743075E-03
 -1.1979921E-03
 -1.5746155E-03
 -2.0543467E-03
 -2.1186329E-03
 -1.8845366E-03
 -2.0480100E-03
 -1.7815359E-03
 -1.5958096E-03
 -1.0976724E-03
 -5.2756455E-04
 -5.3442869E-04
 -6.0433144E-04
 -1.0882302E-03
 -9.3894324E-04
 -9.0271339E-04
 -1.1047407E-03
 -3.3076023E-04
 -1.5591077E-03
 -2.0510568E-03
 -1.2028066E-04
  9.3977796E-05
 -1.9732794E-05
  5.9080678E-05
  5.1881146E-04
  5.2206538E-04
  1.1250401E-03
  1.9891264E-03
  2.1000949E-03
  2.2922528E-03
  1.1626966E-03
  6.7731540E-04
 -1.2073386E-04
 -2.1995968E-04
 -3.9783504E-04
 -8.6895155E-04
 -1.0187227E-03
 -8.1488059E-04
 -8.2350353E-04
 -6.8795873E-04
 -7.9130412E-05
  5.3209198E-05
  2.6558713E-05
  5.0076150E-04
  1.4384456E-03
  1.5051027E-03
  2.1123530E-03
  1.8845154E-03
  1.7032182E-03
  1.1627068E-03
  2.9281968E-05
 -5.6106452E-04
 -9.5688750E-04
 -1.3547881E-03
 -1.5539727E-03
 -1.3920174E-03
 -1.5749406E-03
 -1.2883230E-03
 -1.3103925E-03
 -1.2698761E-03
 -1.3978343E-03
 -1.2350657E-03
 -1.4145921E-03
 -1.7660243E-03
 -2.1115760E-03
 -2.3035617E-03
 -2.1884358E-03
 -1.8791138E-03
 -1.4845934E-03
 -1.9106518E-03
 -1.1738952E-03
 -8.5963093E-04
 -5.6121696E-04
 -9.4668876E-04
 -1.1381508E-03
 -1.1459067E-03
 -1.4871293E-03
 -2.2295907E-03
 -2.2902596E-03
 -1.9070455E-03
 -1.3053861E-03
 -6.8542600E-04
 -7.2063698E-04
 -1.1843779E-03
 -1.1708473E-03
 -1.5095517E-03
 -1.7679848E-03
 -1.8192081E-03
 -1.5628658E-03
 -1.2227955E-03
 -1.6522291E-03
 -1.4829880E-03
  4.6359011E-05
  4.7311757E-04
  2.8865959E-04
  1.4866781E-04
  5.9007597E-04
  6.8515842E-04
  1.1178441E-03
  1.5585897E-03
  2.0349619E-03
  2.4656721E-03
  1.4383552E-03
  1.0424787E-03
  6.2588835E-04
  6.3169596E-04
  2.8215093E-04
 -3.4802369E-04
 -5.7988509E-04
 -3.3579362E-04
 -1.5873053E-04
  3.3227498E-05
  4.8820666E-04
  1.1276981E-03
  7.6011365E-04
  1.5317174E-03
  2.6215564E-03
  2.8938786E-03
  3.1467339E-03
  2.0405850E-03
  1.6169481E-03
  7.3596340E-04
 -7.6574454E-04
 -1.2143473E-03
 -1.1591710E-03
 -1.1217548E-03
 -1.6051058E-03
 -2.1404955E-03
 -2.1714377E-03
 -1.6070259E-03
 -1.3850238E-03
 -1.5190244E-03
 -1.7743551E-03
 -1.4670336E-03
 -1.6074199E-03
 -1.9987617E-03
 -2.3411168E-03
 -2.4082575E-03
 -2.1774303E-03
 -1.8502227E-03
 -1.3708337E-03
 -1.8493917E-03
 -1.1562508E-03
 -4.8329681E-04
 -3.7534413E-04
 -1.0762643E-03
 -7.7522348E-04
 -7.5297587E-04
 -1.6358894E-03
 -2.6535343E-03
 -2.3029754E-03
 -2.0135376E-03
 -1.0210506E-03
 -7.4436987E-04
 -1.6019433E-03
 -1.9634976E-03
 -2.2284489E-03
 -2.0909042E-03
 -2.1991110E-03
 -2.4437991E-03
 -1.8003918E-03
 -1.3357910E-03
 -1.2125961E-03
 -1.4738858E-03
 -8.3453488E-05
  7.6828641E-04
  8.7686849E-04
  1.2050349E-03
  1.7335083E-03
  1.6466960E-03
  1.8562650E-03
  1.6101730E-03
  1.5733792E-03
  1.5933097E-03
  1.3305045E-03
  3.7950976E-04
  2.0335769E-04
  4.3019539E-04
  6.0010748E-04
  1.8269688E-04
  1.3057186E-04
  3.3760138E-04
  4.5502884E-04
  6.8818766E-04
  5.9858878E-04
  4.5409275E-04
  3.1712608E-04
  1.0454629E-03
  1.9735585E-03
  2.1106342E-03
  1.6085226E-03
  1.1699500E-03
  4.6349922E-04
 -5.6289101E-04
 -1.7125804E-03
 -2.1684414E-03
 -1.6740042E-03
 -1.6462017E-03
 -2.0096991E-03
 -2.1061196E-03
 -1.3976616E-03
 -1.1317654E-03
 -1.0031160E-03
 -9.7239646E-04
 -1.1609715E-03
 -1.4883851E-03
 -1.7363501E-03
 -2.1809968E-03
 -2.2481650E-03
 -1.9579146E-03
 -1.5407430E-03
 -1.4323653E-03
 -1.5789686E-03
 -2.2178036E-03
 -2.3107796E-03
 -1.5619303E-03
 -1.8428820E-03
 -2.0178314E-03
 -1.2563869E-03
 -7.9948013E-04
 -1.7507869E-03
 -2.3393270E-03
 -2.5906872E-03
 -1.9648485E-03
 -9.8739821E-04
 -1.4927860E-03
 -2.3990592E-03
 -2.6122946E-03
 -2.8107646E-03
 -2.5760385E-03
 -2.7522917E-03
 -2.3657831E-03
 -2.0669904E-03
 -1.5574687E-03
 -1.2122906E-03
 -1.4864848E-03
 -8.3274033E-04
 -1.2988130E-04
  6.1173917E-04
  1.3158587E-03
  1.9605965E-03
  2.0651030E-03
  2.2333111E-03
  1.6651067E-03
  1.3939444E-03
  1.1018810E-03
  6.5474946E-04
  3.3025930E-04
  2.8707623E-04
  5.1588682E-04
  9.1685995E-04
  5.4395589E-04
  4.2847001E-05
 -3.6030609E-04
 -3.3344090E-04
  2.8169467E-05
 -3.9642991E-04
 -3.3216202E-04
  2.8773199E-04
  5.1543163E-04
  5.4238708E-04
  6.1601849E-04
  4.3650367E-04
 -1.1171385E-04
 -1.1360155E-03
 -1.9523436E-03
 -2.1364426E-03
 -2.2288866E-03
 -2.0576378E-03
 -2.3711526E-03
 -2.4917030E-03
 -1.7116673E-03
 -1.0560857E-03
 -1.1458867E-03
 -8.2250731E-04
 -9.6546707E-04
 -1.1724985E-03
 -1.9244618E-03
 -2.0819167E-03
 -2.3371177E-03
 -2.1667706E-03
 -1.4616133E-03
 -8.4470387E-04
 -1.2444238E-03
 -2.3446681E-03
 -2.8697839E-03
 -2.7921787E-03
 -2.4217097E-03
 -2.1613440E-03
 -2.1808066E-03
 -1.3007708E-03
 -3.8159167E-04
 -9.8448549E-04
 -1.7040314E-03
 -2.1897242E-03
 -1.2695376E-03
 -9.5140754E-04
 -1.6421882E-03
 -2.6377367E-03
 -2.8841591E-03
 -2.8651671E-03
 -2.3986171E-03
 -2.4614357E-03
 -1.8779843E-03
 -1.9935498E-03
 -2.8575652E-03
 -1.0023679E-03
 -1.3050996E-03
 -1.3385699E-03
 -8.7538984E-04
 -1.0243702E-04
  4.4223189E-04
  7.8088557E-04
  1.2808808E-03
  1.2179170E-03
  6.5810943E-04
  7.3779910E-04
  7.5736223E-04
  6.1350618E-04
  6.2582333E-04
  9.2579128E-04
  1.1405773E-03
  8.4645295E-04
  1.3413775E-04
 -8.3481980E-04
 -1.1003580E-03
 -8.4782898E-04
 -8.1966422E-04
 -8.6994818E-04
 -4.4265779E-04
  7.1879236E-05
  1.3704278E-04
  1.4241310E-04
 -2.6462204E-04
 -6.8687863E-04
 -1.3164234E-03
 -1.8626143E-03
 -2.2758562E-03
 -1.7781699E-03
 -1.7729620E-03
 -2.1584895E-03
 -2.7710190E-03
 -2.2135808E-03
 -1.5663636E-03
 -9.0159912E-04
 -1.1273071E-03
 -9.7227207E-04
 -1.4975693E-03
 -1.5290986E-03
 -2.2015020E-03
 -2.2909774E-03
 -1.7917429E-03
 -1.3911058E-03
 -6.3380110E-04
 -8.5466198E-04
 -1.5144231E-03
 -2.6662943E-03
 -2.8627377E-03
 -2.8155444E-03
 -2.9722033E-03
 -2.4916150E-03
 -2.0092272E-03
 -8.3244068E-04
 -1.6499047E-04
 -2.6011679E-04
 -1.3823328E-03
 -1.6275322E-03
 -9.1584231E-04
 -7.2298752E-04
 -1.3296382E-03
 -2.1125467E-03
 -2.0076642E-03
 -1.9897651E-03
 -1.8138704E-03
 -1.4573402E-03
 -1.1303406E-03
 -3.5117739E-03
 -6.2390295E-04
  6.0620066E-04
 -1.6947182E-04
 -5.0969957E-04
 -7.0140773E-04
 -4.2256384E-04
 -3.9412500E-04
 -2.2041409E-04
  1.4286325E-04
  3.0533943E-04
  1.0660486E-04
  2.0839121E-04
  6.7147677E-04
  8.0082502E-04
  1.0954498E-03
  1.4363588E-03
  9.2259247E-04
 -1.2521901E-04
 -5.4500235E-04
 -8.0108718E-04
 -2.5131364E-04
 -9.6835502E-05
 -4.8113719E-04
 -1.7620953E-04
 -1.8001226E-04
 -2.4100674E-04
 -4.0267763E-04
 -1.5235721E-04
 -7.7538181E-04
 -1.4239087E-03
 -1.2561106E-03
 -1.2413829E-03
 -1.5277966E-03
 -1.3037140E-03
 -1.5202927E-03
 -1.8848723E-03
 -1.8324001E-03
 -1.4235741E-03
 -1.6916813E-03
 -8.9857541E-04
 -1.0771366E-03
 -1.5640239E-03
 -1.8634683E-03
 -1.8585923E-03
 -2.1707998E-03
 -1.2778911E-03
 -6.7707035E-04
 -3.7212748E-04
 -5.7641108E-04
 -1.8289651E-03
 -2.0854925E-03
 -2.3628364E-03
 -2.2582633E-03
 -2.9381241E-03
 -2.9835487E-03
 -2.6069311E-03
 -1.8483250E-03
 -5.7164446E-04
 -4.3986114E-05
  1.4044371E-04
 -8.9133281E-04
 -1.7092291E-03
 -1.5628792E-03
 -5.0096289E-04
 -5.6395459E-04
 -6.6332298E-04
 -3.2480844E-04
 -2.0116231E-04
 -5.4656819E-04
 -2.7342324E-04
 -3.3485985E-04
 -5.5695581E-04
  5.9538791E-03
  2.3076260E-03
  1.4681229E-03
  1.4171572E-03
  1.0795348E-03
  6.6127488E-04
 -3.9378720E-04
 -2.3779563E-04
 -3.0538456E-05
  8.8526736E-05
  2.2381908E-04
  6.5471575E-04
  8.7360636E-04
  1.0059361E-03
  1.6921435E-03
  1.0848353E-03
 -2.5466504E-04
 -1.3133069E-03
 -8.5524353E-04
 -5.2681891E-04
 -5.2506657E-04
 -1.2685278E-04
 -1.4397234E-04
 -4.7331909E-05
 -4.5246334E-04
 -3.8945861E-04
 -2.3802268E-04
 -4.3949127E-04
 -8.7496155E-04
 -7.9997780E-04
 -8.4668957E-04
 -8.3431829E-04
 -1.1218069E-03
 -8.6393469E-04
 -8.2182157E-04
 -7.7335956E-04
 -2.2777861E-04
 -1.0617424E-03
 -1.6587827E-03
 -1.2538738E-03
 -2.0119678E-03
 -2.2865192E-03
 -1.9487595E-03
 -2.3144828E-03
 -1.4621557E-03
  6.1320093E-06
  4.8968254E-04
  7.5952045E-04
 -2.5688598E-03
 -1.7202008E-03
 -1.8455352E-03
 -2.0732423E-03
 -1.5735232E-03
 -1.6394927E-03
 -1.3584493E-03
 -1.7388945E-03
 -1.4705576E-03
 -9.6130796E-04
 -4.5986279E-04
 -2.7196095E-04
 -3.2049592E-04
 -1.4826915E-03
 -1.8395731E-03
 -6.3247839E-04
  6.0749211E-04
  1.0465123E-03
  8.5893867E-04
  5.7442923E-04
 -3.8111620E-04
 -2.5323970E-04
  4.4638405E-04
 -6.8805888E-03
  1.9215057E-03
  2.9899462E-03
  1.7607663E-03
  2.3726518E-03
  2.5616719E-03
  1.9303568E-03
  1.0294872E-03
  1.0855530E-03
  1.0371653E-03
  5.6536664E-04
  8.5205532E-04
  1.3774654E-03
  1.1996583E-03
  1.3516957E-03
  5.8874470E-04
 -6.6912558E-04
 -1.8175235E-03
 -2.2357896E-03
 -1.6651201E-03
 -1.9995777E-03
 -1.3064372E-03
 -4.0851871E-04
 -5.7363702E-04
 -8.7786850E-04
 -8.3683152E-04
 -2.7818437E-04
 -2.1059152E-04
 -7.3307846E-04
 -2.9523709E-04
 -3.5047487E-04
 -9.7533391E-04
 -9.6484501E-04
 -1.0731030E-03
 -5.9730565E-04
  2.4924020E-04
  6.2221527E-04
  3.6471596E-04
 -1.0735623E-03
 -1.5786359E-03
 -2.1513128E-03
 -2.5471165E-03
 -1.9058926E-03
 -1.5179450E-03
 -4.1749366E-03
 -9.6000102E-04
  1.2175640E-03
  1.5078628E-03
  2.3550186E-03
 -9.9778650E-03
  1.6329774E-04
 -1.6212307E-03
 -1.8746678E-03
 -5.9262093E-04
  3.2131668E-04
  5.2935752E-04
  3.6188093E-04
 -2.1650868E-04
  1.3949248E-04
  2.4283057E-05
 -4.0740601E-04
 -1.2837852E-04
 -3.6313621E-04
 -8.5505127E-04
 -6.0537498E-04
  1.1098085E-03
  1.6449917E-03
  6.9802499E-04
  3.4988180E-04
 -8.6741889E-04
 -6.7698979E-04
  8.7072415E-04
 -7.8554209E-03
 -2.6876056E-03
  1.0169256E-03
  1.9060435E-03
  2.0951743E-03
  2.1118522E-03
  2.2243981E-03
  2.6964983E-03
  2.2893096E-03
  2.4964768E-03
  1.6665169E-03
  1.8118094E-03
  1.9399707E-03
  1.3549502E-03
  1.4434266E-03
 -1.3262122E-03
 -1.8083251E-03
 -2.6592580E-03
 -2.4500708E-03
 -1.2917893E-03
 -1.2761918E-03
 -5.9600847E-05
  3.4333376E-04
 -5.0653075E-04
 -1.4399971E-03
 -7.0834626E-04
 -2.0308048E-04
 -4.8956886E-04
 -4.0377749E-04
 -1.7116867E-05
 -7.0500217E-04
 -1.0157841E-03
 -7.8515086E-04
 -7.1073219E-04
 -2.1923055E-04
  6.4113765E-04
  5.2534795E-04
 -1.0385326E-04
 -1.2150098E-03
 -1.7197313E-03
 -2.4651482E-03
 -1.1798146E-03
 -3.6393586E-04
 -1.8686156E-03
 -5.6522172E-03
  6.3875772E-04
  1.2213796E-03
  1.9547543E-03
  1.4395241E-03
  4.1896668E-03
 -1.5604413E-03
  3.1883460E-03
 -7.4562413E-04
  4.1505520E-04
  1.1784615E-03
  6.8720512E-04
  2.9794304E-03
  3.2373776E-03
  1.8742161E-03
  5.2153011E-04
 -8.3269022E-04
  1.3473081E-04
  9.8436174E-04
  7.2659762E-04
 -5.4658123E-04
 -4.6325312E-04
 -6.5042207E-04
 -1.0280259E-03
 -1.0922755E-03
 -2.1270209E-03
 -1.3660610E-03
  2.3854908E-04
 -1.0900642E-02
 -7.8717275E-03
 -6.2451838E-04
  3.5687420E-04
  1.5776944E-03
  1.1677836E-03
  2.1864683E-03
  2.5984826E-03
  2.8604465E-03
  3.4252075E-03
  2.0180074E-03
  1.5444785E-03
  5.5316498E-04
  7.4080279E-04
  5.6412414E-04
 -1.3577233E-03
 -1.3154548E-03
 -2.1128959E-03
 -1.0124521E-03
  8.0727687E-04
  1.1351105E-03
  1.3004879E-03
  1.5267032E-03
  4.0242437E-04
 -1.2325223E-03
 -3.4238503E-04
  3.0416493E-06
  5.6011358E-04
  3.9887379E-04
  9.4303286E-05
 -3.5970501E-04
 -6.8056636E-04
 -4.2827506E-04
 -2.3304888E-04
 -1.3691674E-04
 -2.2463547E-04
 -4.5105870E-04
 -1.0286861E-03
 -1.1331282E-03
 -1.2602855E-03
 -5.7534862E-04
  1.1424748E-03
  1.6354811E-03
 -3.5768233E-03
 -5.3809960E-03
  1.6938068E-03
  7.6920900E-04
  1.7911628E-03
  1.4425860E-03
  3.2870518E-03
  1.5291894E-03
  3.3683747E-03
  1.2301369E-05
  6.4067822E-04
  1.3068344E-03
  1.7789550E-03
  5.2493005E-03
  4.5454628E-03
  1.3830531E-03
 -1.7135832E-04
 -8.9956203E-04
  9.0896036E-05
  5.0137786E-04
 -4.4432326E-04
 -3.0171012E-03
 -4.7566500E-03
 -4.2471695E-03
 -3.9379420E-03
 -3.0534687E-03
 -3.5535530E-03
 -2.1897729E-03
 -8.8678120E-05
 -1.0211746E-02
 -9.7091859E-03
 -6.3625164E-04
 -2.2975192E-03
  1.6517632E-03
  2.0924855E-03
  2.7116889E-03
  2.9114811E-03
  3.3968200E-03
  3.2643760E-03
  2.1374826E-03
  9.4019790E-04
 -4.7036068E-05
  8.2729786E-04
 -1.8340626E-04
 -3.8908381E-04
 -4.5204756E-04
 -7.8077574E-04
 -1.5106249E-04
  2.0842564E-03
  4.6327976E-03
  7.4858591E-03
  1.3490792E-03
  2.5244823E-04
 -7.8509958E-04
  1.3515771E-04
  9.2325523E-04
  1.0939667E-03
  6.4325932E-04
  1.8906675E-04
 -5.7278590E-05
 -1.0412069E-04
 -5.7498368E-05
 -7.6485980E-05
 -5.6151405E-04
 -1.1611133E-03
 -8.7558548E-04
 -6.4200698E-04
 -2.1893901E-03
 -1.4019538E-04
  5.6842517E-04
  2.3159839E-03
 -1.4841892E-03
 -1.4776955E-03
 -2.2048678E-03
 -1.3198059E-04
  1.0815504E-03
  1.8257836E-03
  2.6046562E-03
  4.2839963E-03
  3.2056281E-03
 -3.5206237E-04
 -7.7575416E-04
 -5.7625392E-04
  6.6549960E-04
  3.3686932E-03
  3.9850674E-03
  1.9242531E-03
  4.1427568E-04
  2.7204007E-05
  2.3472678E-05
  2.8308594E-04
 -1.5505621E-03
 -4.9443636E-03
 -7.7838404E-03
 -1.0670776E-02
 -7.7053332E-03
 -5.9248363E-03
 -3.4614501E-03
 -2.2638000E-03
 -1.1323241E-03
  5.7337130E-04
  1.7621747E-03
 -6.0302746E-03
 -1.3981244E-03
 -2.0482149E-03
 -4.6245912E-03
  3.6094722E-03
  2.6946513E-03
  2.7137101E-03
  2.2778993E-03
  1.4713986E-03
  8.8460860E-04
  6.3226733E-04
  5.9976045E-04
  6.7779055E-04
 -1.3906707E-04
 -1.9571750E-04
 -2.4325654E-04
 -2.9586803E-04
 -1.2862042E-03
  5.7376613E-04
  4.2519076E-03
  6.3710571E-03
  4.1792207E-04
 -4.8449414E-04
 -5.4113532E-04
  8.5763546E-04
  1.1692879E-03
  1.1198961E-03
  5.4200966E-04
  3.4237377E-04
  9.1725982E-05
  2.0766786E-04
  1.9979700E-04
  4.3823016E-05
 -5.6857202E-04
 -7.1856799E-04
 -6.2838086E-04
  4.0541752E-04
 -1.7892325E-03
  6.0618372E-04
  9.6193614E-04
 -9.3040064E-05
 -1.3998688E-03
 -1.3453787E-03
 -7.3707162E-04
 -2.5681937E-03
 -3.6482166E-03
  2.8502599E-03
  4.9548736E-03
  4.2866082E-03
  1.8923904E-03
 -1.1168653E-03
 -1.8714846E-03
 -1.7359692E-03
 -1.2314773E-05
  2.3361593E-03
  1.6516640E-03
 -6.4313429E-04
 -8.0367041E-05
 -1.1630056E-04
  2.1987277E-04
 -2.9501622E-05
 -4.9935244E-03
 -8.8002114E-03
 -1.3610854E-02
 -1.3573324E-02
 -1.0047858E-02
 -6.4984197E-03
 -2.2946496E-03
 -1.2431918E-04
  7.2653126E-04
  1.5004717E-03
  2.2991789E-03
 -2.4581770E-03
 -1.0791897E-03
 -3.4481636E-03
 -8.1714534E-04
  5.3444831E-04
  1.0899086E-03
 -4.3752440E-04
 -1.5988683E-03
 -2.0927680E-03
 -1.6296534E-03
 -7.8973404E-05
  2.8858188E-04
 -1.9679252E-05
 -3.5776023E-04
 -2.3675406E-05
 -2.2622214E-04
 -1.2557478E-04
 -5.0227164E-04
 -1.4333429E-05
  1.2109568E-03
  4.2335951E-06
  3.9450507E-04
 -6.8888674E-04
  4.2489953E-03
  6.3331419E-04
  1.4173106E-03
  1.5655148E-03
  8.3109579E-04
  6.6266733E-04
  1.7573270E-04
  2.1347872E-04
  3.4180595E-04
  2.1891409E-04
  1.3946813E-04
 -9.4027426E-05
  4.0743587E-05
  6.2260625E-04
  7.1904542E-05
  1.6726612E-03
  1.0766559E-03
 -2.9059316E-04
 -4.3784495E-04
 -6.5077201E-04
 -1.4065435E-03
 -1.9159295E-03
 -4.4801328E-03
  2.8674689E-03
  3.8945964E-03
  1.5011640E-03
 -4.3055337E-04
 -2.2907697E-03
 -2.0623647E-03
 -1.0578239E-03
  3.2372546E-04
  8.6937525E-04
 -2.3621258E-04
 -1.9704613E-03
 -5.7465048E-04
 -9.6646319E-05
  1.0523880E-04
 -3.2336810E-03
 -7.7775354E-03
 -1.0306369E-02
 -1.0568238E-02
 -9.2119649E-03
 -6.6983066E-03
 -3.7516255E-03
 -7.5083785E-04
  4.3258540E-04
  8.5539749E-04
  1.2051157E-03
  1.2432452E-03
 -1.1136219E-03
 -1.0023988E-03
 -2.5970933E-03
  2.3030934E-03
 -2.9106392E-04
 -2.2183300E-03
 -3.6854846E-03
 -4.8354203E-03
 -3.6409302E-03
 -1.8303572E-03
 -8.3041005E-04
 -3.5936083E-04
 -3.1194673E-04
 -1.6236433E-04
 -4.4303455E-05
 -1.6399179E-04
 -9.2477116E-05
 -1.3038257E-04
 -2.7477345E-04
  6.3774285E-05
 -5.2355969E-04
  4.7521400E-03
 -2.0002851E-03
  2.5221864E-02
  1.3080963E-03
  1.4335015E-03
  1.3315262E-03
  7.8521651E-04
  3.5381096E-04
  1.4841004E-04
  4.6577232E-04
  8.0094521E-04
  9.0283033E-04
  9.3439774E-04
  3.5064999E-04
 -3.2554404E-04
 -2.4846432E-04
  1.2832711E-03
  1.8889199E-03
  6.2612852E-04
 -6.8185775E-04
 -6.3978694E-04
 -9.1570808E-04
 -1.6024071E-03
 -9.2829199E-04
 -2.3230882E-03
  1.9819855E-03
 -2.5898148E-04
 -3.4472235E-03
 -5.2324138E-03
 -3.3953818E-03
 -1.4006136E-03
 -3.8481125E-05
  4.5323386E-04
 -8.8019285E-04
 -1.6797638E-03
 -1.7042367E-03
  6.1508478E-04
  1.0070328E-03
 -1.1560243E-03
 -6.8617547E-03
 -7.6050707E-03
 -6.6436087E-03
 -5.3257165E-03
 -3.2997897E-03
 -1.9748325E-03
 -9.2254684E-04
 -2.2975329E-04
  2.1023463E-04
  5.2114564E-04
  7.0926390E-04
  2.7320022E-04
 -6.1096484E-04
 -4.7628256E-04
  2.5838881E-04
 -5.7024746E-03
 -9.6090604E-03
 -4.5566089E-03
 -5.0273486E-03
 -5.1337038E-03
 -2.8886925E-03
 -1.2377067E-03
 -1.0131372E-03
 -3.8156021E-04
 -2.0228408E-05
  5.6180699E-05
 -2.1763155E-05
 -1.0395451E-04
 -1.5764659E-04
 -1.3461744E-04
  9.0692738E-05
 -1.7551328E-04
 -3.8488745E-04
  5.5773067E-03
 -1.5549000E-03
  1.1187414E-02
  3.4752497E-04
  1.1836463E-03
  7.4897613E-04
 -4.6840723E-05
 -3.7360017E-04
  3.0679986E-04
  1.3458203E-03
  1.7462010E-03
  2.0996914E-03
  7.0813554E-04
 -8.4485946E-04
 -1.6182457E-03
 -8.8946300E-04
  1.6970230E-04
  6.0686073E-04
 -2.9022197E-04
 -7.0078764E-04
 -5.5245677E-04
 -1.0976163E-03
 -1.3310792E-03
  4.7377139E-04
 -1.0591056E-04
 -4.2192140E-04
 -3.7594112E-03
 -8.2796430E-03
 -7.6931631E-03
 -3.7341351E-03
 -1.1890772E-03
 -4.0212870E-04
 -6.8026660E-05
 -1.4113998E-03
 -1.0549192E-03
 -4.2872824E-04
  1.7589875E-03
  1.8551484E-04
 -3.2205128E-03
 -6.0859546E-03
 -4.0485519E-03
 -2.5190825E-03
 -1.6257571E-03
 -9.5685211E-04
 -3.6964571E-04
 -7.3443807E-05
 -9.7546457E-05
 -8.1521059E-05
  1.3979488E-04
  1.3448515E-04
 -5.0803379E-04
 -4.5173618E-04
 -7.0502785E-05
 -1.1756152E-03
 -7.8895567E-03
 -7.0486581E-03
 -2.1930400E-03
 -4.8822961E-03
 -4.0606549E-03
 -2.0946700E-03
 -9.3832600E-04
 -4.0781978E-04
  1.1764025E-04
  2.7841327E-04
  6.6570676E-05
  2.5181218E-05
 -1.2788536E-04
 -1.8074704E-04
 -1.2205302E-04
 -1.2872954E-05
 -1.3284545E-04
 -6.4121414E-05
  5.9216758E-03
 -1.4262209E-03
  3.0805680E-04
 -1.9373326E-03
  1.3060052E-03
  1.1129607E-03
  6.0438574E-04
  7.4493402E-04
  2.0846417E-03
  2.4159360E-03
  2.0120435E-03
  1.3872944E-03
 -2.1992372E-03
 -4.5421887E-03
 -3.6903589E-03
 -2.0776216E-03
 -2.7151420E-03
 -1.7970960E-03
 -7.5980381E-04
 -2.6781225E-04
  3.6185185E-04
 -9.8073634E-04
 -1.7056377E-03
 -1.9735545E-03
 -2.3411037E-03
 -2.9199037E-03
 -5.0464696E-03
 -6.4460700E-03
 -4.9285111E-03
 -3.0666066E-03
 -2.0163867E-03
 -7.8423950E-04
 -1.1100487E-03
 -5.3533033E-04
  7.1619730E-04
  4.1424093E-04
  8.0032018E-04
 -1.0086325E-03
 -2.3370062E-03
 -2.3555562E-03
 -1.2864080E-03
 -1.0476150E-03
 -4.7667953E-04
 -2.1866547E-04
 -1.1422586E-04
 -4.3789481E-05
 -1.8057800E-04
 -3.3567470E-04
 -3.4853379E-04
 -9.0108544E-04
 -7.9460884E-04
 -2.4144059E-04
 -8.8774005E-04
 -3.2266243E-03
 -4.1291183E-03
 -2.6984964E-03
 -1.0321490E-03
 -2.3021388E-03
 -3.6634656E-03
 -1.4211724E-03
 -5.4515852E-04
 -3.6243575E-05
  1.9351456E-04
  1.2206339E-04
 -1.3348187E-05
 -1.0172400E-04
 -1.9726879E-04
 -1.2152963E-04
 -9.7229662E-05
 -1.0351359E-04
 -1.1468431E-04
 -2.5118722E-04
  5.5678710E-03
  8.4706250E-04
 -1.1615704E-04
 -7.6487861E-03
  1.8041440E-03
  8.0968277E-04
  1.1860565E-03
  1.8904434E-03
  2.2127840E-03
  1.8005223E-03
  1.5584405E-03
 -4.5874231E-06
 -2.4852210E-03
 -2.3157732E-03
 -3.9373450E-03
 -5.3354637E-03
 -4.2213844E-03
 -1.8953476E-03
 -6.3184253E-04
 -2.6874401E-04
 -2.6646443E-04
 -5.9020240E-04
 -4.3361732E-03
 -1.1649906E-03
 -2.3288520E-03
 -3.7363390E-03
 -4.0170234E-03
 -4.3850159E-03
 -3.9690910E-03
 -2.4173516E-03
 -2.0181050E-03
  8.0104428E-04
 -1.6364091E-04
  8.0735300E-04
  7.5006270E-04
 -6.3377316E-04
 -1.1247256E-03
 -9.5966138E-04
 -1.3532620E-03
 -1.0417127E-03
 -7.4890483E-04
 -5.4156221E-04
 -2.8683915E-04
 -2.2371935E-04
 -1.8833955E-04
 -2.0675556E-04
 -2.9819453E-04
 -4.2965132E-04
 -7.2030787E-04
 -4.0570882E-04
 -1.7834702E-04
  7.5794273E-04
 -3.2037729E-03
 -3.4715766E-03
 -2.3600052E-03
 -1.8732065E-03
 -7.4228575E-04
  7.0282555E-04
 -2.9347010E-03
 -7.9589873E-04
  5.2641750E-05
  3.0742442E-05
 -4.3222425E-04
 -2.6101893E-04
 -1.4881884E-04
 -2.3825637E-04
 -2.2435458E-04
 -1.4672408E-04
 -1.3235791E-05
 -2.8892900E-04
 -8.3676387E-05
 -2.9569466E-04
 -8.9647446E-04
 -9.7836135E-04
 -1.7813992E-03
 -1.3881935E-03
  1.6447442E-03
  7.2214095E-04
  1.3191387E-03
  3.3331297E-03
  2.3031996E-03
  9.3684241E-04
  1.2391354E-03
 -1.3281545E-03
 -3.2887589E-03
 -3.2590795E-03
 -3.3193426E-03
 -4.4518658E-03
 -1.8137621E-03
 -1.4560774E-03
 -5.7423377E-04
 -2.2796296E-04
 -6.7585707E-04
 -1.3206919E-03
 -1.2147942E-03
 -1.4636124E-03
 -3.4661461E-03
 -3.7760173E-03
 -2.3867474E-03
 -2.0232173E-03
 -3.0710434E-03
 -1.0657716E-03
 -1.1948281E-03
  1.3953681E-03
  4.4331499E-03
  2.6101156E-03
 -9.4009982E-04
 -1.2983856E-03
 -1.7547003E-03
 -9.1244368E-04
 -1.4472832E-03
 -8.4809592E-04
 -8.6136034E-04
 -4.8976974E-04
 -2.8524766E-04
 -2.6192228E-04
 -2.0548675E-04
  1.3477796E-04
  2.4246334E-04
  2.4574829E-04
 -4.8837712E-04
 -3.2775002E-04
 -2.0249453E-03
 -1.1347921E-03
 -4.1185254E-03
 -3.0768318E-03
  9.4026644E-03
 -1.6665627E-03
  4.9081986E-04
 -1.5456909E-03
 -2.9073283E-03
 -6.9479051E-04
 -4.7219091E-04
 -6.4552214E-04
 -8.0015813E-04
 -5.4839242E-04
 -3.4459098E-04
 -2.8744020E-04
 -3.5888146E-04
 -2.7936458E-04
  4.9274514E-04
 -2.5960297E-04
 -1.1119509E-04
 -2.8894964E-04
 -1.5946134E-03
 -2.2272407E-03
 -2.2734448E-03
  6.7834236E-04
  3.0589665E-03
  2.8027338E-03
  4.5293635E-03
  6.6830800E-03
  2.5833915E-03
  7.7016099E-04
  2.8282790E-03
 -1.6699526E-03
 -7.5717177E-03
 -6.5963971E-03
 -2.9835864E-03
  2.5179337E-03
 -9.5970946E-04
 -5.9970591E-04
 -1.0208277E-03
 -1.0603550E-03
 -1.6532808E-03
  8.4779883E-04
 -3.0850281E-03
  2.0427764E-03
 -4.1468288E-03
 -1.7120807E-04
  3.1269256E-03
  3.7139708E-03
  5.8760140E-03
  8.3571430E-03
  6.4246673E-03
  6.4044925E-03
  5.8403523E-03
  3.3469608E-03
 -6.1187550E-04
 -1.3376495E-03
 -2.5742762E-03
 -1.8117625E-03
 -1.9499835E-03
 -1.0753021E-03
 -1.0873138E-03
 -5.1122974E-04
  5.2066756E-05
  4.6521025E-05
  1.9382783E-04
  2.2271025E-04
  1.7455632E-04
  2.3822360E-04
 -1.1073405E-04
 -4.0081184E-04
 -4.8769163E-03
 -3.7333171E-03
 -3.6571084E-03
 -1.6659345E-03
  3.2460196E-03
 -8.3704916E-04
  2.0365173E-04
  2.1787151E-03
 -8.5136313E-03
 -2.1931434E-03
 -9.5260009E-04
 -7.3667575E-04
 -4.8389551E-04
 -3.1412314E-04
 -2.4297471E-04
  1.1293650E-04
  2.8137151E-06
 -7.9616118E-05
 -6.9825636E-04
 -5.5221876E-04
 -1.6719084E-04
 -4.7405949E-04
 -9.9997222E-04
 -1.7202710E-03
 -9.3924248E-04
  2.5552998E-03
  4.3517454E-03
  6.6416287E-03
  9.2498148E-03
  4.2386423E-03
 -9.9569093E-03
 -4.8202337E-03
 -1.7489835E-03
 -8.4359907E-03
 -8.5886195E-03
 -2.7942753E-03
  1.2277974E-03
  1.2492183E-02
 -2.3472819E-03
  2.4271724E-04
 -2.1531330E-03
 -3.5614299E-03
 -6.5788724E-03
  3.2704383E-02
 -3.7316848E-03
 -4.1253758E-03
  2.0224124E-03
 -2.2061188E-03
  3.0004545E-03
  7.1004564E-03
  1.0683727E-02
  9.9379057E-03
  8.6456733E-03
  8.5557578E-03
  3.5799781E-03
  1.1243689E-03
 -8.0654141E-04
 -2.5617937E-03
 -4.8657022E-03
 -3.3249746E-03
 -2.5719032E-03
 -1.6610358E-03
 -1.1903768E-03
 -4.4010748E-04
 -7.0612667E-05
 -1.9421992E-04
 -7.5317090E-05
 -1.7113258E-05
 -2.0034517E-05
  8.3916745E-04
  1.5223325E-04
  4.5909428E-06
 -6.6402312E-03
 -4.7444869E-03
 -4.6317144E-03
 -2.8693518E-03
 -3.8141636E-03
 -1.8901599E-03
 -6.5086910E-04
  2.5731304E-03
 -1.1071559E-03
 -4.2462386E-03
 -1.4231482E-03
 -5.6949480E-05
 -8.8768997E-05
 -1.3363252E-04
  2.0650416E-05
  4.0307327E-04
  3.4609725E-04
 -2.7348252E-04
 -1.2084078E-03
  1.4284278E-04
 -1.2974543E-03
 -1.4354468E-03
 -5.1514851E-04
 -2.8104181E-03
 -1.7075610E-03
  9.5885107E-04
  1.7893016E-03
  5.6917397E-03
  3.2822695E-03
 -9.5873084E-03
 -1.8816506E-02
 -1.3913060E-02
 -1.5537886E-02
 -1.3888676E-02
 -4.9440615E-04
  4.9554477E-03
  7.7522388E-03
 -1.0743130E-03
  1.3599850E-02
  8.1588626E-03
 -1.9671768E-03
 -2.6155920E-03
  1.9715221E-03
  1.7252749E-02
 -3.7627583E-04
 -3.0740909E-03
 -5.1578949E-03
 -7.2152414E-03
 -4.0856232E-03
  6.5278693E-04
  1.8093324E-03
 -9.0653071E-04
 -1.7251958E-03
 -1.5094504E-03
 -2.6069337E-03
 -2.5899096E-03
 -2.6407160E-03
 -2.7741378E-03
 -3.2826730E-03
 -2.4574490E-03
 -9.6903276E-04
 -5.2404799E-04
 -2.5384233E-04
  1.1779811E-04
  6.5756736E-05
 -1.2157780E-05
 -5.3901382E-05
 -8.9399022E-04
 -6.4649968E-04
 -1.8012311E-04
 -9.0685044E-04
  2.7992444E-03
 -8.1670126E-03
 -1.0488874E-02
 -4.2074169E-03
 -3.6897014E-03
 -9.9559426E-03
 -5.8285072E-03
 -3.2735288E-03
 -1.0790096E-03
  3.1481136E-03
 -2.3765655E-03
 -1.4575161E-03
 -5.0710788E-04
 -1.2280648E-04
 -1.1675790E-04
  1.5394326E-04
  2.3634620E-04
 -3.8939749E-04
 -4.1368231E-03
 -2.3024988E-03
  1.7490234E-04
 -5.7888939E-03
 -4.2002006E-03
 -7.8898121E-04
 -2.5623760E-03
 -2.8064740E-03
 -1.4332648E-03
 -1.2950589E-03
  9.8281167E-04
 -3.0063379E-03
 -9.1743171E-03
 -1.0194691E-02
 -1.0547779E-02
 -1.4248719E-02
 -8.4214443E-03
 -1.6656661E-04
  7.1880734E-03
  2.8233288E-03
  3.7096494E-03
  3.9119539E-03
  1.2090044E-02
  3.1617917E-03
  3.1032991E-02
 -2.2475524E-03
  8.5203322E-03
 -3.7304712E-03
 -4.8340783E-03
 -1.5655635E-02
 -8.8624675E-03
 -8.1162937E-03
 -6.3507734E-03
 -5.7522338E-03
 -5.7251644E-03
 -6.1154882E-03
 -5.5102538E-03
 -4.5024045E-03
 -3.1420074E-03
 -2.4519679E-03
 -2.6960413E-03
 -2.2333218E-03
 -1.6048467E-03
 -9.5287111E-04
 -6.8223180E-04
 -6.1375363E-04
 -4.2926043E-04
 -5.0030224E-04
 -1.1327516E-03
 -1.8278058E-03
 -2.3067489E-03
 -1.6844539E-03
 -1.3678772E-03
 -1.2968350E-03
  5.3637214E-03
 -1.5702182E-02
 -2.1604827E-02
 -9.5878392E-03
 -1.2065585E-02
 -3.9662286E-03
 -7.1517848E-03
 -6.3618384E-03
 -1.1782526E-03
 -2.2467584E-03
 -1.2049784E-03
 -1.2002201E-03
 -6.8024552E-04
 -2.8762170E-05
 -1.3069595E-04
  6.6102322E-05
 -1.7569019E-04
 -4.1065216E-03
 -1.0420199E-02
 -3.2333995E-03
  6.3674287E-03
 -4.0564216E-03
 -5.7059564E-03
  6.0899970E-03
 -1.4369569E-03
 -3.6813943E-03
 -2.8322523E-03
 -2.4057508E-03
 -3.9548110E-04
 -3.8539218E-03
 -1.1502878E-02
 -9.0572694E-03
 -6.9035273E-03
 -9.9641792E-03
 -1.0420752E-02
 -1.2777882E-03
  2.8180620E-02
  1.0503431E-02
  1.1594015E-02
  7.6055224E-03
  4.9639842E-03
  9.2647998E-03
  7.6248590E-03
 -1.3195885E-03
 -6.9616395E-03
 -1.4486298E-02
 -8.7559242E-03
 -1.4178619E-02
 -1.2563393E-02
 -1.1699588E-02
 -9.5856506E-03
 -9.3193399E-03
 -8.1880968E-03
 -6.0894536E-03
 -6.1497465E-03
 -5.9787026E-03
 -4.1620960E-03
 -3.1731168E-03
 -4.7555137E-03
 -4.0739863E-03
 -3.4674238E-03
 -2.9904703E-03
 -1.7095903E-03
 -1.3246700E-03
 -1.1097053E-03
 -1.5803220E-03
 -2.0863616E-03
 -2.8996514E-03
 -3.1560676E-03
 -2.7664290E-03
 -2.4492370E-03
 -1.5880557E-03
  2.0787357E-03
 -2.8872848E-03
 -2.4866434E-02
 -1.2521981E-02
 -1.1535003E-02
 -1.3327476E-02
 -6.8323971E-03
 -1.5782231E-03
 -1.8142620E-03
 -1.7149380E-03
 -1.5328477E-04
 -1.2409620E-03
 -1.1858683E-03
 -9.9367375E-05
 -2.4046514E-03
 -1.8384802E-03
  2.7210086E-03
 -1.1743442E-02
 -1.0828475E-02
 -3.1756965E-04
  2.8649096E-03
 -2.7443571E-03
 -5.4938151E-03
 -2.3329847E-03
 -3.9031252E-03
 -1.8336854E-03
 -1.7635071E-03
 -3.1384106E-03
 -3.5665494E-03
 -7.9358770E-03
 -1.2401960E-02
 -1.1659481E-02
 -5.8984640E-03
 -1.2129055E-02
 -9.2328275E-03
 -2.1662938E-03
  8.3372751E-03
  5.3823693E-03
  1.0257054E-02
  1.1384442E-02
  8.1110410E-03
  6.1109858E-03
  2.2144164E-03
 -8.4967641E-03
 -1.4560446E-02
 -1.9629978E-02
 -9.1932751E-03
 -9.7579630E-03
 -1.1538666E-02
 -1.4335934E-02
 -8.7593012E-03
 -1.0869224E-02
 -1.2039325E-02
 -6.9774990E-03
 -9.6567357E-03
 -1.0310666E-02
 -7.8922780E-03
 -7.3633767E-03
 -1.1337094E-02
 -1.1209191E-02
 -1.2403403E-02
 -1.0826454E-02
 -9.2365313E-03
 -5.5365646E-03
 -4.0082778E-03
 -5.0707641E-03
 -6.6215196E-03
 -8.4347604E-03
 -1.1453505E-02
 -7.5834771E-03
 -3.6016861E-03
 -8.7490957E-04
 -1.8730387E-03
  2.9981778E-05
 -1.8695738E-02
 -2.2820747E-02
 -1.5376471E-03
 -1.0178508E-02
 -5.8885957E-03
  4.1440451E-03
  5.5233189E-03
  6.1298870E-03
  9.3399165E-03
  5.4536937E-03
  2.5169544E-03
  4.9979961E-03
 -1.6604953E-02
 -4.7435961E-03
  3.9191176E-03
 -4.4982061E-03
 -1.0947536E-02
  3.7186358E-03
  4.1820826E-03
  8.5307908E-04
 -2.2698357E-03
 -2.2983376E-03
 -4.4885194E-03
 -1.8977307E-03
 -1.5831311E-03
 -2.9138799E-03
 -5.4327878E-03
 -8.5792309E-03
 -8.7486794E-03
 -6.4425934E-03
 -4.5375978E-03
 -4.9266447E-03
 -4.7376221E-03
 -2.9022084E-03
  8.4040820E-04
 -4.0877457E-03
  5.6010629E-03
  5.0614965E-03
  8.3169164E-03
  1.0030219E-02
 -8.2543995E-03
 -1.4304589E-02
 -1.3495070E-02
 -1.1350318E-02
 -5.5606198E-03
 -5.7732128E-03
 -8.1490837E-03
 -7.4690096E-03
 -1.8636610E-03
 -3.5242201E-03
 -7.2708181E-03
 -6.8325433E-03
 -1.0471349E-02
 -1.0795260E-02
 -9.6565560E-03
 -1.0600348E-02
 -1.0134465E-02
 -9.8943654E-03
 -1.0642730E-02
 -1.1377606E-02
 -1.3375298E-02
 -1.1639326E-02
 -1.3818560E-02
 -1.5894204E-02
 -1.8397428E-02
 -1.9813783E-02
 -1.5618761E-02
  5.8308691E-03
  7.2696335E-03
  6.8719266E-04
 -9.0551861E-03
  3.2669092E-03
 -2.9191682E-03
 -2.4668060E-02
 -1.0762071E-02
  1.0774836E-03
  9.0280557E-03
  1.1185748E-02
  8.6329263E-03
  9.5443614E-03
  1.0951851E-02
  9.1071129E-03
  9.0812650E-03
  4.4062859E-03
 -1.2132859E-02
 -1.0065950E-03
 -1.5963647E-03
  4.8863158E-02
 -7.7535845E-03
  5.8940458E-03
  5.9564956E-03
  5.9163626E-03
  1.4890255E-03
  3.2940300E-03
 -2.6516903E-03
 -2.5670771E-03
 -1.5767658E-03
 -2.6767692E-03
 -7.1559711E-03
 -8.2709622E-03
 -2.9425574E-03
 -7.3940852E-03
  3.4788179E-03
  1.6387934E-03
  2.5203731E-03
 -1.3019971E-03
  4.6778671E-03
 -2.1677395E-02
 -3.1151578E-03
  3.3366535E-04
 -9.1242924E-04
 -1.2273889E-04
 -1.1369538E-02
 -1.4586717E-02
 -1.2719390E-02
 -5.3324704E-03
 -3.2803572E-03
 -1.9362081E-03
 -1.8368280E-03
 -2.7746181E-03
 -5.7614769E-04
  4.3908949E-05
  2.7010273E-04
 -1.3702126E-03
 -5.4304600E-03
 -4.5011588E-03
 -4.0765908E-03
 -4.6581882E-03
 -3.6043637E-03
 -1.2181211E-03
 -1.0173089E-03
 -1.6610157E-03
 -3.0236572E-03
 -7.5079161E-03
 -1.9948574E-02
 -2.3485065E-02
 -2.0931745E-02
 -2.1168333E-02
  4.9771769E-03
  3.4070045E-02
  2.5935417E-02
 -1.8714750E-02
 -2.6247546E-04
  2.2503745E-03
 -6.6300570E-03
 -1.6659057E-02
 -7.1435096E-03
  3.7032859E-03
  3.0819054E-03
  4.0815710E-03
  1.6788023E-03
  1.0036522E-03
  8.3664560E-04
  1.2038439E-03
  2.7749180E-03
 -6.3322904E-03
  1.6835377E-03
  2.4499237E-03
  3.8924469E-03
  2.6727540E-02
  8.5826049E-04
  6.0439059E-03
  3.2989453E-03
  2.1963506E-03
  3.1257260E-03
  3.3695048E-03
 -5.8611576E-03
 -1.2093362E-03
 -8.8820508E-04
 -2.1350377E-03
 -6.3706762E-03
 -5.9692836E-03
 -3.7725100E-03
  2.3635199E-02
  1.3849233E-02
  8.6442335E-03
  6.2056952E-03
 -7.5722248E-03
  1.8824251E-02
 -1.9651955E-02
  1.1204361E-02
 -8.0636647E-03
 -4.3875338E-03
 -9.5206806E-03
 -1.2378313E-02
 -1.0516499E-02
 -9.4042709E-03
 -7.5623100E-03
 -4.7747488E-03
  3.1874533E-04
  1.1240640E-03
 -1.3924378E-03
 -1.4215595E-03
  5.2140304E-04
  1.1256031E-03
  8.2062132E-04
 -1.5640511E-03
 -1.6233627E-03
 -1.3237427E-03
 -8.9373026E-04
 -9.2035829E-04
 -3.9457946E-04
 -3.1370809E-04
 -1.3601391E-05
 -2.8001345E-04
 -3.0006017E-03
 -7.5136293E-03
 -1.1862249E-02
 -1.7433375E-02
 -2.0644888E-02
  9.7377597E-05
  2.9760830E-02
  1.3502844E-03
 -2.8358076E-02
  8.8110389E-03
  7.8070178E-03
 -4.1166637E-03
 -5.4280027E-03
 -3.7337819E-03
 -1.4359455E-03
 -8.6569769E-04
 -3.6833037E-04
 -2.7895696E-04
 -6.1867369E-04
 -4.2187993E-04
 -1.3618007E-04
 -3.8164243E-04
 -5.4354551E-03
  1.7416081E-03
  6.1307931E-03
  7.6345294E-03
  8.0123935E-03
  1.4819913E-04
  1.9171846E-03
  1.6971062E-04
 -1.0611487E-04
  4.9220771E-04
  9.8795234E-04
 -1.7880807E-03
 -8.3912426E-04
 -5.2569446E-04
 -1.4198077E-03
 -2.6020790E-03
 -1.3273516E-03
 -3.8144488E-03
  3.2789551E-02
  9.3044844E-03
 -3.0835259E-03
 -4.7403714E-03
  3.3067700E-02
  1.4262367E-02
 -9.4642052E-03
 -5.2420758E-03
 -8.0630565E-03
 -8.2267374E-03
 -6.6624801E-03
 -9.5700212E-03
 -6.6659409E-03
 -6.7782006E-03
 -5.9912363E-03
 -4.4986494E-03
 -7.5728795E-04
 -3.4209959E-06
 -1.1222807E-03
 -9.5602730E-04
  1.3379891E-03
  1.4906460E-03
  8.5247448E-04
 -6.5507431E-04
 -1.7607687E-03
 -2.0992875E-03
 -1.6616151E-03
 -5.2949059E-04
 -5.8232038E-04
 -5.6771096E-04
 -5.4275087E-04
 -6.1918347E-04
 -1.0903261E-03
 -2.0968537E-03
 -3.3376568E-03
 -7.7133882E-03
 -1.4061124E-02
 -1.0285988E-02
  1.0163010E-02
 -2.4627838E-03
 -2.3548104E-02
  2.0411881E-02
  1.3373226E-02
  2.3807862E-03
 -1.8240253E-03
 -2.4009261E-03
 -2.0914155E-03
 -1.6552231E-03
 -1.0608141E-03
 -5.4277055E-04
 -4.4926186E-04
 -2.9262266E-04
 -3.3028683E-04
 -2.8410539E-04
 -7.7428401E-04
 -1.0787239E-03
  3.0077775E-03
  1.0245100E-02
  3.0288189E-03
 -2.3006166E-04
  3.8123550E-04
 -8.0380257E-04
 -6.0348411E-04
 -2.4642370E-05
  4.1159161E-05
  3.3200745E-04
  5.3771428E-04
 -1.5594604E-04
 -4.4789826E-04
 -3.7887349E-04
  1.8866745E-05
 -1.3177248E-03
  4.8081791E-03
  3.9896877E-03
 -8.1427451E-03
 -1.0997848E-02
  1.2036504E-04
 -8.7304780E-04
 -2.1544639E-03
  8.7868385E-03
 -4.7416715E-03
 -8.3799968E-03
 -8.6169718E-03
 -7.3216865E-03
 -4.2136759E-03
 -4.6187029E-03
 -3.8174265E-03
 -3.4070094E-03
 -1.8548744E-03
 -1.4318797E-03
 -1.6432283E-03
 -7.6094136E-04
  7.7835261E-04
  1.6021505E-03
  5.2178069E-04
 -5.3715549E-04
 -1.8235164E-03
 -1.8076515E-03
 -5.4369834E-03
 -7.5173669E-04
 -1.2542827E-03
 -1.8379671E-03
 -1.8824249E-03
 -1.5125858E-03
 -1.2155278E-03
 -1.0551722E-03
 -1.1300853E-03
 -2.3296026E-03
 -6.9592251E-03
 -7.6331669E-03
  2.8733425E-03
  3.3584919E-02
  2.2456635E-02
  2.8263204E-02
  1.5749026E-02
  3.9282045E-03
  4.1964683E-03
 -1.3032850E-04
 -7.2077371E-04
 -1.0420040E-03
 -1.2590491E-03
 -1.1620220E-03
 -7.6682988E-04
 -6.5933686E-04
 -7.4059918E-04
 -4.4985634E-04
 -1.3255654E-04
 -1.2949664E-04
  2.2421905E-03
  1.1243718E-02
  3.1626034E-03
  8.4938903E-05
  9.0382826E-05
 -3.1344534E-04
 -2.7352429E-04
 -1.2117318E-04
 -4.7492296E-05
  1.1482199E-03
  1.4482915E-03
  2.7832272E-04
  4.0501768E-06
  4.4771974E-04
  4.1223400E-05
  1.6827158E-03
  1.2258665E-03
  3.7173515E-03
 -9.2380634E-03
  2.0388336E-04
 -1.8620541E-02
  1.8508877E-03
  1.8905740E-02
  2.7481850E-02
  1.1062138E-02
 -1.1382322E-02
 -6.7773294E-03
 -5.3985170E-03
 -3.0962583E-03
 -2.3037989E-03
 -1.0099836E-03
 -1.7036508E-03
 -2.5491174E-03
 -2.6618126E-03
 -2.8053035E-03
 -2.1483696E-03
 -9.0756157E-04
  1.3340628E-03
  3.5653010E-04
 -1.0442485E-03
 -1.5520916E-03
 -1.8479932E-03
 -1.4393535E-03
 -9.7265869E-04
 -1.2976623E-03
 -2.1358675E-03
 -2.5782285E-03
 -2.8390253E-03
 -1.8179358E-03
 -1.1123441E-03
 -1.7081894E-03
 -2.0492647E-03
 -1.4630931E-03
  8.5042147E-03
 -4.8285120E-04
  2.0193245E-02
  4.7974240E-02
  5.5000000E-02
  1.1591367E-02
  1.0963500E-02
  1.0614475E-02
  2.5741633E-03
  8.7963277E-04
  3.1525243E-04
 -6.2639319E-04
 -9.2073064E-04
 -6.7892403E-04
 -5.5854523E-04
 -6.5519533E-04
 -7.4253324E-04
 -8.3458181E-05
  3.5540707E-04
  1.4392985E-03
  2.2816940E-03
  6.2360649E-04
  8.1308252E-05
  7.6150201E-04
  3.9695151E-05
  1.2369825E-05
 -5.6337317E-06
 -3.0570325E-05
 -2.2369773E-04
 -1.9533322E-04
 -3.9099785E-05
  9.6381576E-05
  4.8012257E-04
 -3.5705595E-04
  3.3240931E-03
  8.1750974E-03
  6.9316952E-03
 -4.3908306E-03
  3.2120403E-02
  3.2685529E-02
 -2.6745224E-04
  2.2135619E-02
  3.3635750E-02
  1.5388709E-02
  7.2820573E-03
  2.5321881E-03
  3.0034576E-03
 -2.0096842E-03
 -1.8987510E-03
 -4.5634294E-04
 -8.5606502E-04
 -2.9648882E-03
 -2.8166517E-03
 -2.1987830E-03
 -1.1318853E-03
 -1.0368049E-03
 -4.4400329E-04
 -2.1411206E-04
 -1.1408760E-03
 -1.1910278E-03
 -1.0161207E-03
 -8.6729747E-04
 -3.0818913E-04
 -2.5505913E-04
 -7.6579687E-04
 -1.3482304E-03
 -1.7356705E-03
 -1.7802217E-03
 -1.5030797E-03
 -4.7546244E-04
 -2.3190347E-04
 -4.2298129E-03
  1.7420085E-02
 -4.5490605E-03
 -1.2568679E-03
  1.2777840E-02
  2.4227705E-02
  7.1364492E-03
  1.0304545E-02
  1.6078563E-02
  5.7978481E-03
  2.3538768E-03
  1.5145068E-03
  1.1336923E-03
 -1.0060499E-05
 -3.8789210E-04
 -4.5317283E-04
 -5.8653450E-04
 -5.2009232E-04
 -1.3152765E-04
  3.2697708E-04
  1.6556131E-03
 -1.7373243E-04
  1.4636107E-04
  1.6749815E-04
  4.4182967E-04
 -7.6800279E-06
  1.4869952E-06
 -1.2615560E-05
 -5.6679215E-05
 -2.5410965E-04
 -2.5782126E-04
 -7.3803858E-05
 -1.1011570E-04
  1.0067337E-04
 -2.1305641E-04
  9.2185393E-04
  5.6873830E-03
  6.8673224E-04
  2.1389116E-02
  1.1930590E-02
  4.5711417E-02
  1.6572225E-03
  1.0665836E-02
  2.1215804E-02
  3.6766298E-02
  3.5076499E-02
  8.7187001E-03
  2.9071623E-03
 -1.0878788E-03
 -1.9368486E-03
 -4.0356294E-04
 -7.3988762E-05
 -3.1715601E-03
 -3.8201734E-03
 -1.9547665E-03
 -1.6516187E-03
 -1.3742263E-03
 -1.4402982E-03
 -9.6441299E-04
 -9.3471515E-04
 -9.8749611E-04
 -7.5711700E-04
 -5.9139990E-04
 -5.7156710E-04
 -5.4966006E-04
 -8.3518430E-04
 -9.3425182E-04
 -1.0589826E-03
 -1.1024072E-03
 -1.3462235E-03
 -1.9713481E-04
 -9.7354676E-04
 -3.8603325E-03
  2.8870197E-03
 -8.3020615E-04
 -4.4127060E-03
 -5.7178489E-03
 -1.0262338E-03
 -8.7055159E-06
  4.9344152E-03
  7.2062686E-03
  4.1381875E-03
  2.5477447E-03
  2.1756662E-03
  2.6251378E-03
  1.0440433E-03
 -1.8895681E-04
 -2.6395102E-04
 -3.4476683E-04
 -3.4329205E-04
 -2.7609573E-04
  1.4449896E-04
  5.7047507E-04
 -4.3044239E-04
 -1.3091283E-05
 -1.9956716E-04
 -1.6047932E-04
 -1.3284409E-05
 -2.1343600E-05
 -4.6103260E-06
 -4.6916197E-05
 -1.0436310E-04
 -3.1323708E-04
 -8.7608889E-05
 -1.3863253E-04
 -1.1600093E-04
  7.2638277E-04
  8.0850528E-04
 -9.9479710E-04
  1.4921575E-04
  1.0509521E-02
  4.8435987E-03
  5.7434989E-03
  5.5690636E-03
 -3.4781680E-03
 -8.5020261E-03
  4.2274348E-03
  2.7306678E-02
  5.1207752E-03
  2.0236282E-02
 -3.2105853E-03
 -2.5157058E-03
  7.2833837E-04
  2.0799839E-03
  1.2347136E-03
 -4.1929125E-03
 -3.3863881E-03
 -1.5093369E-03
 -6.7170541E-04
 -9.4347348E-04
 -1.2302931E-03
 -1.0221299E-03
 -1.1204736E-03
 -1.2761703E-03
 -7.9545728E-04
 -8.1875816E-04
 -8.6888275E-04
 -7.6766586E-04
 -5.3733215E-04
 -8.0533762E-04
 -9.2136156E-04
 -6.0007168E-04
 -1.4341090E-04
  1.8435712E-03
 -2.4810198E-03
 -5.3875507E-03
 -4.3379311E-03
 -3.1236117E-03
 -7.3298961E-03
 -8.4512755E-03
 -5.6832158E-03
 -3.6978351E-03
 -2.4394661E-03
 -1.3606439E-03
 -3.8439556E-04
  1.3840165E-03
  2.7412639E-03
  8.1660214E-04
 -5.6722556E-04
 -5.1274244E-04
 -4.2664981E-04
 -3.4238934E-04
 -1.9564010E-04
 -3.2738625E-04
 -9.6709229E-04
 -8.1160298E-04
 -7.0610590E-04
 -5.6972308E-04
 -4.7781024E-04
 -3.5679594E-04
 -9.9416415E-04
 -1.2974115E-03
 -1.0377048E-03
 -2.0955260E-04
 -4.7736501E-04
  4.7658867E-04
  2.4581279E-04
 -1.8255061E-05
  6.3543412E-04
  1.9820100E-03
  6.7735859E-06
 -3.3094208E-03
  5.6938743E-03
  2.3864368E-03
  2.6839054E-03
  3.1312667E-03
 -1.3529503E-03
 -5.4154852E-03
 -5.5872216E-03
 -9.6211169E-04
  6.2895869E-04
 -3.3274884E-03
  7.2622383E-03
  1.1219269E-02
 -2.6068455E-03
  1.1524330E-03
  3.5389871E-03
  2.3265558E-04
 -5.2103125E-03
 -3.6222406E-03
 -4.6939263E-04
  4.3254814E-04
 -7.5742864E-06
 -6.3820736E-04
 -1.0036982E-03
 -1.6083898E-03
 -1.7589618E-03
 -1.6306997E-03
 -1.4127624E-03
 -1.2784558E-03
 -6.2763738E-04
 -5.5820704E-04
 -9.1426010E-04
 -2.0103026E-04
  1.8933532E-04
  1.9798572E-03
  2.1494194E-03
 -3.9772983E-03
 -3.3515031E-03
 -1.9260636E-03
 -7.4507259E-03
 -8.1203552E-03
 -8.1588831E-03
 -6.4296830E-03
 -6.1576441E-03
 -4.5643365E-03
 -3.4671321E-03
 -1.8686733E-03
 -1.0213371E-03
 -6.5636815E-04
 -1.2499923E-03
 -1.0627614E-03
 -8.5319346E-04
 -4.5413931E-04
 -7.6392942E-05
 -1.1227464E-04
 -9.1234752E-04
  3.2094019E-04
 -1.2294946E-03
 -8.4797770E-04
 -8.3882466E-04
 -9.2189095E-04
 -1.6892113E-03
 -1.2842162E-03
 -2.0171877E-03
 -1.0752230E-03
 -4.1046922E-04
  2.0897018E-03
  2.3163538E-04
 -2.3378749E-05
  5.0912128E-04
  8.6868124E-05
  8.4553758E-04
 -2.4580644E-04
  2.7992860E-03
  1.9869062E-03
  1.9050015E-03
  4.4643632E-03
  2.6759496E-03
 -2.2234232E-03
 -4.0341453E-03
 -4.1749785E-03
 -6.1667510E-03
 -7.7626728E-03
 -1.3921029E-03
  2.3766926E-03
 -5.5832099E-03
 -4.7277436E-03
 -3.1668616E-03
 -3.1571547E-03
 -5.1366929E-03
 -4.5014718E-03
 -3.5837290E-03
 -1.6609388E-03
 -8.6443598E-04
 -5.9390027E-04
 -8.0085819E-04
 -1.1279051E-03
 -2.3375261E-03
 -3.0825546E-03
 -2.2213438E-03
 -1.7333801E-03
 -1.1637287E-03
 -8.1705878E-04
 -7.7342353E-04
 -8.4800919E-04
 -6.2845845E-04
  3.0686602E-03
  2.4528438E-03
 -1.3650112E-03
 -1.2979710E-03
 -8.1640098E-04
 -6.9383597E-03
 -8.6145867E-03
 -5.7384879E-03
 -6.9048754E-03
 -6.4052558E-03
 -6.1021862E-03
 -5.2382960E-03
 -4.2394334E-03
 -3.2253971E-03
 -2.7250238E-03
 -2.6397149E-03
 -1.9206220E-03
 -1.1801256E-03
 -4.0723867E-04
  4.3805390E-05
  2.0383920E-04
 -5.5846118E-04
  2.1363345E-03
  5.5722828E-04
 -2.0726263E-03
 -1.5465755E-03
 -2.0086942E-03
 -2.1152818E-03
 -3.4797809E-03
 -4.6154861E-03
 -3.0702669E-03
 -7.5124357E-05
  3.7049118E-03
  1.7017901E-03
 -8.0504862E-04
 -2.7999989E-04
 -8.1076415E-04
 -1.4872479E-03
 -1.4609403E-03
 -5.2893726E-04
 -3.0626013E-04
  8.1472768E-05
 -7.4191263E-04
  1.6796612E-04
  9.8991870E-05
  1.8363849E-03
 -1.8547933E-03
 -4.9073906E-03
 -6.8901163E-03
 -9.3518570E-03
 -4.4016987E-03
 -6.3412106E-03
 -4.6285158E-03
 -5.0023464E-03
 -4.7014304E-03
 -3.9398889E-03
 -4.1334247E-03
 -5.9477431E-03
 -4.4088955E-03
 -3.1940197E-03
 -1.4712726E-03
 -1.1856678E-03
 -1.4199747E-03
 -2.3903113E-03
 -3.0195557E-03
 -2.3106367E-03
 -1.4231743E-03
 -1.2721054E-03
 -8.9807255E-04
 -1.4557062E-03
 -2.0563914E-03
 -1.0605559E-03
 -3.3558557E-05
 -2.0395177E-03
  9.1615329E-05
 -3.5911676E-04
 -3.2090493E-03
 -3.9907577E-03
 -5.4232795E-03
 -3.6982372E-03
 -3.4732642E-03
 -4.7916579E-03
 -4.4110464E-03
 -3.3906894E-03
 -3.8720891E-03
 -4.0169908E-03
 -4.4051539E-03
 -3.1167120E-03
 -2.1433793E-03
 -1.0942681E-03
 -4.4199888E-04
 -7.2952666E-05
  1.1662929E-03
  2.1256206E-03
  2.4689536E-03
 -1.1355010E-03
 -4.6390502E-04
 -2.2562467E-03
 -7.8357995E-04
 -2.4316513E-03
 -5.4625217E-03
 -1.5215225E-03
 -5.4680384E-03
 -1.1329266E-03
 -4.0866234E-04
  1.6024882E-02
  4.4665099E-04
 -4.2121249E-04
 -1.3503283E-03
 -3.4387957E-03
 -2.2185522E-03
 -1.0048252E-03
 -1.4709010E-03
 -2.1392913E-04
 -6.1782380E-04
 -1.0810342E-03
 -3.4840177E-05
  1.7009019E-03
 -3.1855397E-03
  1.9170317E-03
  1.3206406E-05
  1.1367704E-02
 -3.3362173E-03
 -4.2970795E-03
 -3.3723509E-03
 -3.2034025E-03
 -2.6056692E-03
 -1.6932328E-03
 -2.6076587E-03
 -5.2259769E-03
 -5.3152298E-03
 -4.9463660E-03
 -3.1071871E-03
 -1.9562240E-03
 -2.0379834E-03
 -2.5903576E-03
 -2.2358582E-03
 -1.7232479E-03
 -6.7897717E-04
 -5.4885837E-04
 -8.3629793E-04
 -2.9637292E-03
 -2.9461156E-03
 -1.5085618E-03
 -2.7752630E-03
 -5.0202617E-03
  3.8904215E-03
  1.1324124E-02
  6.4548622E-03
  3.1340083E-03
 -2.0996090E-03
  3.4792970E-03
 -2.7107826E-04
 -3.0531297E-03
 -7.7053421E-04
 -2.3350799E-04
 -1.7334501E-03
 -4.1412800E-03
 -5.3127911E-03
 -3.5308066E-03
 -1.9383740E-03
 -8.3987700E-04
 -7.6771615E-04
 -3.4499104E-04
 -9.0288784E-05
  3.1761709E-03
  1.8406692E-03
  1.7335386E-03
  8.8282777E-03
 -3.5488902E-04
 -1.9556994E-03
 -3.5277495E-04
 -9.5848736E-05
 -2.1122135E-03
 -3.0189434E-03
  2.0512876E-03
 -3.6484431E-04
  8.1190336E-03
  2.3627870E-03
 -1.2629337E-03
 -8.3812064E-04
 -1.1661738E-03
 -1.3227209E-03
  5.4335821E-04
 -1.2358513E-03
  3.7145094E-04
 -4.8299189E-05
  1.2095310E-03
  9.4424823E-04
 -1.0648153E-03
  2.8712517E-03
  6.6254139E-03
  1.4477502E-02
  1.7344709E-02
  1.1635359E-02
  5.7673217E-03
 -1.2989863E-03
 -1.0647348E-03
 -7.2362967E-04
 -7.0823490E-04
 -1.7677261E-03
 -2.6968908E-03
 -3.9405669E-03
 -4.0357560E-03
 -3.0967381E-03
 -2.1920102E-03
 -1.4670542E-03
 -2.1702647E-03
 -1.4499163E-03
 -1.3669261E-03
 -8.0871081E-04
 -5.6333642E-04
 -9.1474305E-04
 -1.9925269E-03
 -2.3066504E-03
 -1.8500776E-03
 -2.0099655E-03
 -2.4293393E-03
  9.0025377E-04
  3.0806395E-03
  1.0079019E-02
  7.4912156E-03
 -7.3228602E-04
  6.2786518E-03
  2.2177172E-03
 -7.2445563E-04
 -6.4992992E-04
  5.2914955E-05
 -6.8397413E-04
 -3.2232774E-03
 -4.2263861E-03
 -3.5245155E-03
 -1.9049429E-03
 -1.2774280E-03
 -1.4298942E-03
 -9.5061376E-04
 -1.1369770E-03
 -8.1223727E-04
 -1.2250472E-03
  3.6760911E-04
  5.6194989E-03
  1.1643649E-03
  4.7919061E-03
  1.5844438E-04
 -3.4346347E-05
 -1.6327563E-03
  5.9219141E-04
  2.4019575E-04
  1.1934494E-03
  1.9471556E-03
  4.3999190E-03
 -1.2962288E-03
 -1.0519469E-03
  1.0160402E-03
  1.3180641E-03
  1.1466845E-04
 -1.0689574E-03
  1.8009427E-04
 -2.7404581E-03
  2.2662692E-03
  8.7612784E-03
  4.0374263E-03
  5.2798949E-03
 -2.3925169E-04
  1.5233250E-03
  3.3416294E-03
  6.9721094E-03
  4.8531243E-03
  1.1840799E-03
  5.3423789E-04
  9.2331109E-05
 -4.7694071E-04
 -1.3810534E-03
 -1.6812045E-03
 -2.6583946E-03
 -2.2194285E-03
 -1.7606938E-03
 -1.3207719E-03
 -1.1048067E-03
 -2.1897999E-03
 -2.2484963E-03
 -1.8785655E-03
 -1.3128300E-03
 -6.5825175E-04
 -1.1244877E-03
  1.6845573E-03
  4.8905035E-04
 -1.0839625E-03
 -1.4854243E-03
 -4.7312703E-04
  4.3580341E-03
  1.2924788E-03
  5.1189158E-03
 -1.6656717E-03
  3.6173391E-03
  8.9626707E-04
 -1.6753755E-03
 -2.4367799E-03
 -3.7432692E-03
  1.5720713E-04
 -1.2741170E-03
 -1.9171487E-03
 -3.2040409E-03
 -1.8592037E-03
 -1.5967931E-03
 -1.5667489E-03
 -1.8160266E-03
 -1.5465135E-03
 -1.9842333E-03
 -1.9805436E-03
 -3.7125857E-03
 -1.5297191E-03
  2.0756894E-03
 -1.1279610E-04
  2.6527402E-04
  1.0148232E-03
  4.7641876E-03
  2.8895123E-03
  1.3024068E-03
 -2.9881074E-04
  6.4497197E-04
  4.5760758E-03
  4.7090920E-03
  1.7169198E-03
  5.6906641E-03
  1.1037247E-03
  2.1693668E-04
  1.9896228E-03
  6.1848223E-05
 -1.9948087E-03
  4.0803439E-04
  4.8743538E-03
  3.4019325E-03
  6.2241801E-05
 -1.0890074E-03
 -1.7305167E-03
 -4.2760326E-03
  1.0760623E-03
  6.0045705E-03
  4.3223947E-03
  2.2827669E-03
  2.0629894E-03
 -2.4599573E-03
 -4.6737446E-04
 -9.2480541E-04
 -1.3662556E-03
 -1.5943251E-03
 -1.0884005E-03
 -2.5087960E-05
 -2.2550164E-04
 -1.0629401E-03
 -1.3662230E-03
 -1.4129885E-03
 -1.5953921E-03
 -1.1897418E-03
 -1.0756799E-05
 -1.9449797E-03
 -5.1484915E-04
 -1.3833165E-03
 -2.0192687E-03
  3.9865056E-04
  3.5558052E-03
  1.4376801E-03
  2.3068911E-04
  1.8705926E-03
  2.6966952E-04
  1.5648897E-03
 -7.4578082E-04
 -3.3408925E-03
 -4.2216070E-03
 -4.0976475E-03
 -1.5833803E-03
 -2.4226829E-03
 -1.7196907E-03
 -2.3061787E-03
 -2.1620542E-03
 -2.0433075E-03
 -2.0086656E-03
 -1.7982812E-03
 -1.3652159E-03
 -2.4037096E-03
 -2.5336414E-03
 -1.3075995E-03
 -1.0271405E-03
  5.1697448E-04
  2.2089982E-03
 -2.1635131E-03
 -2.6381870E-03
  2.5390084E-03
  6.0155038E-03
  3.9590136E-03
 -2.0769204E-03
  7.4991549E-04
  5.8892202E-03
  1.0139727E-02
  4.8837974E-03
  7.7602877E-03
  2.7388944E-03
  9.2889782E-04
  2.1056719E-03
  4.9147708E-04
 -6.9094438E-04
  9.5786143E-04
  6.8573952E-03
  2.5671669E-03
  1.9085685E-03
 -4.9649733E-03
 -4.5646834E-03
 -5.9979777E-03
  9.3563332E-04
  6.3791815E-03
  2.4514559E-03
  2.0708793E-03
  7.8482367E-04
 -3.4322462E-03
 -6.2307011E-04
 -5.0999172E-04
 -6.6169654E-04
 -8.2946598E-04
 -5.6497159E-04
  9.8282871E-05
 -4.2790856E-04
 -1.8866244E-03
 -7.9595135E-04
 -4.7988328E-04
 -9.7831886E-04
 -2.8550698E-04
 -8.6507603E-04
 -1.3663033E-03
  1.2893896E-03
  8.7079359E-04
 -1.4978616E-03
 -2.8450831E-04
  3.3039390E-03
  9.2039193E-04
  3.7998750E-03
  4.3250723E-03
 -3.0498375E-04
 -4.2290476E-04
 -1.0279318E-03
 -4.2795460E-04
 -7.4227893E-05
 -3.6587964E-03
 -2.6851478E-03
 -3.9429921E-03
 -3.0699170E-03
 -2.4991531E-03
 -2.3007204E-03
 -2.2142457E-03
 -1.7199642E-03
 -1.2140035E-03
 -5.7440379E-04
 -1.0654611E-03
 -1.5817328E-03
 -4.0674859E-04
  2.2740508E-03
  6.0754400E-03
  1.4900775E-02
 -1.6257234E-03
 -4.1090758E-03
  1.3279911E-03
  1.6589524E-03
  1.1267407E-02
 -1.6156449E-04
 -1.2980466E-03
  4.0143132E-03
  8.1676291E-03
  1.7866745E-03
  7.2402400E-03
  4.7021611E-03
  2.6520845E-03
  1.1333638E-03
 -7.6070527E-04
  5.1904167E-04
  2.6046976E-03
  3.8688306E-03
  1.3906765E-03
  8.8598410E-04
 -5.6074657E-03
 -5.1377853E-03
 -4.2686909E-03
 -1.2766661E-03
  5.3922506E-03
  7.5619747E-03
  4.8071388E-03
  1.4016795E-03
 -1.4928672E-03
 -1.1546024E-03
 -4.5229608E-04
 -2.8844023E-04
 -4.0391288E-04
 -3.2268540E-04
 -3.8232622E-04
 -6.2762789E-04
  4.6622509E-04
 -1.3730050E-03
 -9.1254216E-04
 -1.7037318E-04
 -1.2764044E-02
 -5.2978224E-03
  1.3512607E-03
  1.5654301E-03
  4.1516937E-04
 -1.7104201E-03
 -6.8715203E-04
  3.5681627E-03
  2.6708867E-03
  6.7114574E-03
 -1.9408697E-04
 -1.4658610E-03
 -2.5479638E-03
 -2.7481117E-04
  3.8318725E-03
  3.7713493E-03
 -1.9272884E-03
 -1.9479500E-03
 -2.9465810E-03
 -3.2313615E-03
 -2.4375909E-03
 -1.8700361E-03
 -1.7106890E-03
 -1.4022286E-03
 -8.6866802E-04
 -4.9989327E-04
 -2.6038423E-04
  7.8336708E-04
  2.3158586E-04
 -2.3830558E-04
  2.7593377E-03
 -1.7675322E-03
 -7.9796173E-06
 -1.8472177E-03
 -6.5744173E-04
  5.7518831E-04
  2.9440722E-03
  4.4339080E-03
  3.3283364E-03
  7.5987624E-03
  7.8610368E-03
  1.3669675E-04
  1.4413354E-03
  2.2646245E-03
  1.4682763E-03
  1.0308453E-03
 -1.7388590E-03
  2.0542766E-03
  2.2334540E-03
 -5.9826387E-04
 -7.7020272E-04
  2.6273956E-03
 -3.9000020E-03
 -2.4911270E-03
  1.6559342E-02
  5.2243504E-03
  8.1434340E-04
  2.0665599E-03
  5.5985553E-03
  5.6532179E-03
  8.7721046E-04
 -3.5881059E-04
 -5.5158831E-04
  8.7573257E-04
 -2.7920835E-04
  1.9080902E-04
 -2.5481797E-05
 -1.8111175E-03
 -2.4020530E-03
  2.8599743E-04
 -2.8943741E-03
 -6.5967678E-03
  7.2609453E-04
 -2.0110202E-03
  3.6667765E-04
 -3.8340453E-03
 -4.1104071E-03
 -2.9453649E-03
  1.0974948E-02
  5.4954025E-03
  5.3743143E-03
  1.2519107E-03
 -8.9791673E-04
 -7.3757581E-04
 -1.7815783E-03
 -4.3687038E-04
  2.0211155E-03
  2.6136676E-03
 -4.4176212E-04
 -1.4142487E-04
 -3.0187096E-03
 -5.6804987E-03
  1.5140841E-04
 -4.6212011E-04
 -5.5761519E-04
 -1.1024212E-03
 -1.4725896E-03
 -7.4459956E-04
  1.4454275E-04
  6.2092626E-04
 -1.2111489E-04
 -1.0295525E-04
  3.8234171E-04
  1.6833339E-03
  6.4147630E-04
 -1.7350545E-03
  2.5243908E-03
  2.4799209E-03
  1.9043798E-03
  3.1401194E-03
  2.6983102E-03
  6.9213421E-03
  9.0435920E-03
  3.0069998E-03
 -3.8494222E-04
 -5.5526529E-04
 -1.1992104E-03
 -1.8157082E-04
 -1.0803110E-03
  3.9166093E-04
 -2.2801829E-03
 -2.1195526E-03
 -1.8753724E-03
  1.9751226E-03
 -1.7403584E-03
 -2.1854735E-03
 -3.9940556E-03
 -4.4453023E-03
  4.2774601E-04
 -1.3020181E-03
  6.8525914E-03
  2.8038672E-03
 -6.8063504E-04
 -7.3549990E-04
  2.6737907E-04
  1.8372595E-03
 -6.4923363E-05
 -1.3308142E-03
  2.8774928E-04
 -8.5917406E-04
 -1.5465178E-03
 -8.9026679E-04
 -1.3624997E-03
 -4.1299928E-03
 -2.0751280E-03
  8.7201974E-05
  1.2955398E-03
 -3.2565873E-03
  1.8926616E-03
  2.4947901E-03
  6.8777357E-03
  7.4698951E-04
  3.0586540E-03
 -9.4982691E-04
 -2.9519687E-03
 -3.2711481E-03
 -4.1742886E-05
 -2.0934481E-03
  6.6476775E-04
  4.8064359E-04
 -1.9529219E-04
  3.1238029E-04
 -2.1270385E-03
 -3.9851554E-03
 -1.4231815E-03
 -4.6747209E-06
 -1.5375695E-04
 -5.0171430E-04
  1.2996838E-03
 -6.3785068E-03
  2.1710432E-04
  6.3542640E-05
 -2.2145662E-04
 -2.6224647E-04
 -7.0224231E-04
  1.1271976E-03
  3.0818835E-03
  8.2089694E-04
  1.5156656E-03
  2.6642771E-03
  1.0918150E-02
  1.8116492E-03
  4.2744493E-03
  5.8078519E-03
  2.4181295E-03
  2.2080340E-03
 -1.0391289E-03
 -1.8423210E-03
 -2.2691153E-03
 -1.5749119E-03
 -1.7113012E-03
  2.6740066E-03
  6.0626178E-04
 -1.1539600E-03
 -1.4500893E-03
  2.8128203E-03
 -2.4696771E-04
 -6.1916676E-04
 -1.2857006E-03
 -2.7297437E-03
 -3.5306593E-04
  6.3455547E-05
  1.0421840E-02
  2.2419658E-03
 -2.4129599E-03
 -2.5419726E-03
 -1.8341971E-03
  5.9118908E-04
 -2.3037463E-03
 -2.6926140E-03
 -7.2715752E-04
 -1.9144093E-03
 -1.4753144E-03
 -8.9974835E-04
 -9.2039001E-04
 -3.0952033E-03
 -1.2657703E-03
  2.3556771E-03
  4.2307372E-03
 -1.2374620E-03
  7.5025191E-03
  2.3729457E-03
  7.5011817E-03
  1.1611622E-03
  1.6646129E-03
  2.0025338E-03
 -2.3358567E-03
 -2.4684528E-03
 -1.5680046E-03
 -1.5232877E-03
  4.0028014E-04
  4.0778753E-04
  8.9800029E-05
  6.9037412E-04
 -2.1274500E-03
 -1.5960219E-03
 -2.5048046E-03
 -2.5768904E-03
 -1.6867684E-04
 -8.8527020E-05
  1.6774990E-02
 -3.1366495E-03
 -1.3668519E-04
 -5.4030887E-05
  1.3897799E-04
 -3.5351757E-05
 -2.9460015E-04
 -4.2029889E-05
  2.1743258E-03
  4.0313546E-03
 -6.7733641E-04
  1.5125941E-03
  7.1407915E-03
 -2.1527905E-03
 -3.6703312E-04
  1.2681596E-03
 -1.2067459E-04
  7.4266532E-04
  1.9937112E-04
 -1.0656108E-04
  2.3399408E-03
  9.7325305E-04
 -7.4860099E-04
  2.9053313E-03
  1.6465352E-03
 -1.3399571E-04
 -5.9258123E-04
  9.9149789E-04
 -3.8868133E-05
  2.4436531E-04
  1.1597680E-03
 -2.1579561E-03
  4.7303180E-05
  1.6684810E-04
  2.0247728E-03
 -8.2847726E-04
 -2.1825859E-03
 -2.9148855E-03
 -2.7234005E-03
 -1.7925742E-03
 -1.8870239E-03
 -1.4999248E-03
 -9.1479509E-04
 -1.4480716E-03
 -4.7921747E-04
 -4.6886838E-05
  1.2667244E-03
 -8.0653903E-04
 -5.3689955E-04
  1.3434250E-03
  1.8804875E-03
  1.6323300E-03
  2.9834749E-03
 -4.1528526E-04
  7.5591489E-04
 -1.4601497E-04
  1.0765003E-03
  2.0552627E-03
 -4.7046272E-04
 -8.4524869E-04
 -8.9948176E-04
 -5.4148340E-04
 -1.0399402E-04
  5.6093580E-05
 -4.3145825E-05
 -3.3278062E-04
 -2.4112721E-03
 -2.0593512E-03
 -1.1400582E-03
 -1.4666374E-03
 -1.2792711E-03
 -1.6137068E-04
 -8.9056959E-04
  3.7692639E-04
  5.1708288E-05
  2.3320931E-04
  2.3310819E-04
 -1.9748943E-05
 -1.4527069E-04
 -3.3141530E-04
 -4.0184773E-04
  3.0338956E-04
 -1.2933681E-03
 -1.4155157E-03
 -2.2857408E-03
 -1.6260447E-03
 -1.6854125E-03
 -1.5540270E-03
 -7.5560634E-04
 -4.1998099E-04
  3.1817702E-04
  2.0584700E-04
  3.9502140E-03
  6.3983118E-03
  6.2041651E-03
  4.8376820E-03
  2.5448450E-03
  1.1065585E-03
  1.2224824E-03
  1.3850436E-03
 -5.5626256E-04
  8.6998254E-05
 -2.5330808E-03
 -3.1449655E-03
 -3.3666287E-03
 -2.9334333E-03
 -1.9342023E-03
 -1.9716930E-03
 -2.3964436E-03
 -2.3718660E-03
 -1.9934005E-03
 -1.8732141E-03
 -1.6463308E-03
 -1.5563237E-03
 -1.5772063E-03
 -1.5166176E-03
 -8.1054243E-04
 -4.3292870E-04
  3.1892280E-04
 -1.0616186E-03
 -8.2654244E-04
 -1.0691965E-03
 -1.3260714E-03
  1.5062743E-03
  1.1350013E-03
  2.5660699E-04
 -1.3978649E-03
 -1.0619219E-03
 -1.5199548E-03
 -1.0948887E-04
  1.3039410E-04
  7.5605180E-04
 -2.5391328E-04
 -6.1655423E-04
 -5.5033312E-04
 -5.7173579E-04
 -6.4164150E-04
 -9.5393066E-04
 -1.6111066E-03
 -1.9117546E-03
 -1.5388187E-03
 -9.1659022E-04
 -8.0346112E-04
 -3.3995320E-04
  1.4562249E-03
  5.5487064E-04
  2.8988023E-04
  3.4696810E-04
 -8.2040769E-06
 -2.5778543E-04
 -4.0325522E-04
 -5.9299992E-04
 -8.6893840E-04
 -1.1011653E-03
 -1.0690824E-03
 -1.4474511E-03
 -1.7276169E-03
 -1.7002233E-03
 -1.3084478E-03
 -1.0218489E-03
  1.4964098E-04
  8.2615108E-05
 -2.0144074E-04
 -2.0207689E-04
  2.2695800E-04
  6.5038475E-05
  1.0403158E-02
  8.8021122E-03
  4.6653822E-03
  2.9552002E-03
  3.3589003E-03
 -6.5374817E-04
 -7.8845071E-04
 -1.7014167E-03
 -2.8616013E-03
 -2.7656560E-03
 -2.3008662E-03
 -2.9315297E-03
 -2.1612602E-03
 -1.9719987E-03
 -2.2514928E-03
 -1.8545853E-03
 -1.3946944E-03
 -1.3900980E-03
 -1.3525110E-03
 -1.4920942E-03
 -1.6285788E-03
 -1.6893585E-03
 -1.3536979E-03
 -8.4931002E-04
 -6.4117881E-04
 -6.2709337E-04
 -7.4973429E-04
 -8.5245917E-04
 -1.0405565E-03
 -6.0928211E-04
 -4.3529391E-04
 -2.9798227E-04
 -1.1145531E-03
 -1.1002352E-03
 -8.7579509E-04
 -8.2326808E-04
 -1.2705168E-03
 -1.7191200E-04
 -2.2725516E-04
 -7.0609327E-04
 -8.0088660E-04
 -3.6589312E-04
 -7.9852360E-04
 -7.5162522E-04
 -5.2885601E-04
 -1.3470915E-03
 -1.2208179E-03
 -7.8765745E-04
 -4.4983072E-04
  3.6098674E-04
  8.6088531E-04
  4.7814500E-04
  1.7576713E-04
  1.4899678E-04
 -4.1250937E-04
 -6.1256799E-04
 -9.9757430E-04
  2.5342051E-05
 -1.5614238E-03
 -1.9465064E-03
 -1.7315233E-03
 -1.2973404E-03
 -1.2678835E-03
 -1.1926607E-03
 -7.6294213E-04
 -5.7984347E-04
 -5.4643990E-04
 -4.5150760E-04
 -3.7857954E-04
 -2.8304770E-04
 -4.8349702E-04
 -5.6003139E-04
 -5.7042041E-04
  9.1161975E-04
  8.8444160E-04
  1.3898120E-03
 -4.0841763E-04
 -8.9058018E-04
 -1.5586691E-03
 -2.3172086E-03
 -2.4933724E-03
 -2.4266946E-03
 -2.4099546E-03
 -2.2425654E-03
 -2.3231024E-03
 -2.0679017E-03
 -1.8336411E-03
 -1.5845549E-03
 -1.1202131E-03
 -9.7016059E-04
 -9.7493967E-04
 -9.9248544E-04
 -1.2066507E-03
 -1.5683459E-03
 -1.5905841E-03
 -1.5845291E-03
 -1.7973789E-03
 -2.0669852E-03
 -1.9057848E-03
 -1.4183477E-03
 -9.0765790E-04
 -6.5991591E-04
 -5.5876171E-04
 -5.5877276E-04
 -6.9500506E-04
 -7.2747085E-04
 -7.9661066E-04
 -1.0863472E-03
 -1.0337859E-03
 -1.1585837E-03
 -8.2847552E-04
 -8.5903029E-04
 -7.5786508E-04
 -1.0482507E-03
 -1.3288235E-03
 -7.0017978E-04
 -5.9452542E-04
 -4.0928883E-04
 -1.7002661E-04
  5.7469926E-05
  2.7628033E-04
  1.1040519E-04
 -5.6411049E-05
 -2.8354920E-05
 -2.2060820E-04
 -3.0673796E-04
 -1.0685999E-03
 -1.1567859E-03
 -1.2950136E-03
 -1.4139332E-03
 -1.5429558E-03
 -1.7574573E-03
 -1.7717662E-03
 -1.1573480E-03
 -1.0251696E-03
 -9.0192794E-04
 -7.5050152E-04
 -7.0759031E-04
 -6.6895213E-04
 -6.9609733E-04
 -5.7810405E-04
 -4.3342711E-04
 -4.9350219E-04
 -5.4974545E-04
 -4.1102857E-04
 -7.4163190E-04
 -9.2627038E-04
 -8.5773796E-04
 -1.0476355E-03
 -1.3557217E-03
 -1.5436024E-03
 -1.7282013E-03
 -1.9920734E-03
 -2.1868080E-03
 -2.1967820E-03
 -2.1279529E-03
 -1.9828926E-03
 -1.7015866E-03
 -1.4581458E-03
 -1.3323147E-03
 -1.1611135E-03
 -1.0663556E-03
 -1.1603424E-03
 -1.2350614E-03
 -1.4767066E-03
 -1.6791153E-03
 -1.6245939E-03
 -1.5647284E-03
 -1.5920660E-03
 -1.5997546E-03
 -1.3234983E-03
 -9.5964549E-04
 -6.3382240E-04
 -5.3817121E-04
 -6.1031419E-04
 -8.7485480E-04
 -1.0872447E-03
 -9.9114282E-04
 -8.6952955E-04
 -9.0254203E-04
 -1.0796047E-03
 -1.0047323E-03
 -9.1276685E-04
 -9.7304536E-04
 -1.1503798E-03
 -1.1334314E-03
 -1.1211552E-03
 -4.4351339E-04
 -5.3621730E-04
 -5.7735987E-04
 -2.9912466E-04
  1.3326688E-05
 -2.7144304E-05
 -5.0756685E-04
 -8.9383719E-04
 -9.5974200E-04
 -9.1760053E-04
 -1.0141496E-03
 -1.3568825E-03
 -1.3999393E-03
 -1.4185212E-03
 -1.3699926E-03
 -1.3531811E-03
 -1.3780288E-03
 -1.3791833E-03
 -1.3269325E-03
 -1.1940843E-03
 -1.1504085E-03
 -1.1230792E-03
 -1.0434355E-03
 -9.5591351E-04
 -9.3760755E-04
 -8.6470408E-04
 -8.2459615E-04
 -8.4030139E-04
 -9.0647204E-04
 -8.7937614E-04
 -8.7588932E-04
 -1.0457283E-03
 -1.3038088E-03
 -1.4054922E-03
 -1.4307401E-03
 -1.4630754E-03
 -1.5793010E-03
 -1.7143796E-03
 -1.7527144E-03
 -1.7046439E-03
 -1.5469213E-03
 -1.3528733E-03
 -1.2107613E-03
 -1.1746086E-03
 -1.1673125E-03
 -1.1645502E-03
 -1.1554529E-03
 -1.1775170E-03
 -1.2330008E-03
 -1.3129761E-03
 -1.3088161E-03
 -1.2532278E-03
 -1.1601248E-03
 -1.0984377E-03
 -1.0879727E-03
 -1.0950823E-03
 -1.0692860E-03
 -1.0514359E-03
 -1.0812510E-03
 -1.1320723E-03
 -1.2265701E-03
 -1.2435780E-03
 -1.0446125E-03
 -9.8400866E-04
 -8.2879449E-04
 -7.3824282E-04
 -7.6170912E-04
 -6.3555251E-04
 -7.3021883E-04
 -1.0698441E-03
 -1.0920698E-03
 -1.0854226E-03
 -1.0941974E-03
 -1.1848012E-03
 -1.1916389E-03
 -5.9737044E-04
 -5.0905568E-04
 -6.3285092E-04
 -5.3812203E-04
 -1.3274150E-03
 -1.2706018E-03
 -1.3339226E-03
 -1.3414627E-03
 -1.2820509E-03
 -1.2814056E-03
 -1.2399053E-03
 -1.1837479E-03
 -1.1268163E-03
 -1.0974999E-03
 -1.0761567E-03
 -1.0711013E-03
 -1.0578163E-03
 -1.0623542E-03
 -1.0787584E-03
 -1.1966203E-03
 -1.3060566E-03
 -1.3099278E-03
 -1.3337004E-03
 -1.3665201E-03
 -1.4137841E-03
 -1.4576284E-03
 -1.5087046E-03
 -1.5696193E-03
 -1.5971928E-03
 -1.5824595E-03
 -1.5652687E-03
 -1.5423544E-03
 -1.5318429E-03
 -1.5323970E-03
 -1.5256183E-03
 -1.4973204E-03
 -1.4432075E-03
 -1.3501401E-03
 -1.2811696E-03
 -1.2373343E-03
 -1.2001409E-03
 -1.1801035E-03
 -1.1615794E-03
 -1.1536321E-03
 -1.1634058E-03
 -1.1889065E-03
 -1.2237971E-03
 -1.2575688E-03
 -1.2750465E-03
 -1.2482764E-03
 -1.2275787E-03
 -1.2503751E-03
 -1.2945287E-03
 -1.3183759E-03
 -1.3457732E-03
 -1.3854313E-03
 -1.3349770E-03
 -1.2999693E-03
 -1.2699234E-03
 -1.2214065E-03
 -1.2015437E-03
 -1.1810856E-03
 -1.1621943E-03
 -1.2051753E-03
 -1.1511310E-03
 -1.0867291E-03
 -1.1459863E-03
 -1.2008910E-03
 -1.2760863E-03
 -1.3266167E-03
 -1.3719633E-03
 -1.3923898E-03
 -1.5054560E-03
 -1.5004589E-03
 -1.4813211E-03
 -1.4550411E-03
 -1.3978729E-03
 -1.3564529E-03
 -1.3126419E-03
 -1.2816073E-03
