  0.0000000E+00
  0.0000000E+00
  0.0000000E+00
  0.0000000E+00
  0.0000000E+00
  0.0000000E+00
  0.0000000E+00
  0.0000000E+00
  0.0000000E+00
  0.0000000E+00
  0.0000000E+00
  0.0000000E+00
  0.0000000E+00
  0.0000000E+00
  0.0000000E+00
  0.0000000E+00
  0.0000000E+00
  0.0000000E+00
  0.0000000E+00
  0.0000000E+00
  0.0000000E+00
  0.0000000E+00
  0.0000000E+00
  0.0000000E+00
  0.0000000E+00
  0.0000000E+00
  0.0000000E+00
  0.0000000E+00
  0.0000000E+00
  0.0000000E+00
  0.0000000E+00
  0.0000000E+00
  0.0000000E+00
  0.0000000E+00
  0.0000000E+00
  0.0000000E+00
  0.0000000E+00
  0.0000000E+00
  0.0000000E+00
  0.0000000E+00
  0.0000000E+00
  0.0000000E+00
  0.0000000E+00
  0.0000000E+00
  0.0000000E+00
  0.0000000E+00
  0.0000000E+00
  0.0000000E+00
  0.0000000E+00
  0.0000000E+00
  0.0000000E+00
  0.0000000E+00
  0.0000000E+00
  0.0000000E+00
  0.0000000E+00
  0.0000000E+00
  0.0000000E+00
  0.0000000E+00
  0.0000000E+00
  0.0000000E+00
  0.0000000E+00
  0.0000000E+00
  0.0000000E+00
  0.0000000E+00
  0.0000000E+00
  0.0000000E+00
  0.0000000E+00
  0.0000000E+00
  0.0000000E+00
  0.0000000E+00
  0.0000000E+00
  0.0000000E+00
  0.0000000E+00
  0.0000000E+00
  0.0000000E+00
  0.0000000E+00
  0.0000000E+00
  0.0000000E+00
  0.0000000E+00
  0.0000000E+00
  0.0000000E+00
  0.0000000E+00
  0.0000000E+00
  0.0000000E+00
  0.0000000E+00
  0.0000000E+00
  0.0000000E+00
  0.0000000E+00
  0.0000000E+00
  0.0000000E+00
  0.0000000E+00
  0.0000000E+00
  0.0000000E+00
  0.0000000E+00
  0.0000000E+00
  0.0000000E+00
  0.0000000E+00
  0.0000000E+00
  0.0000000E+00
  0.0000000E+00
  0.0000000E+00
  0.0000000E+00
  0.0000000E+00
  0.0000000E+00
  0.0000000E+00
  0.0000000E+00
  0.0000000E+00
  0.0000000E+00
  0.0000000E+00
  0.0000000E+00
  0.0000000E+00
  0.0000000E+00
  0.0000000E+00
  0.0000000E+00
  0.0000000E+00
  0.0000000E+00
  0.0000000E+00
  0.0000000E+00
  0.0000000E+00
  0.0000000E+00
  0.0000000E+00
  0.0000000E+00
  0.0000000E+00
  0.0000000E+00
  0.0000000E+00
  0.0000000E+00
  0.0000000E+00
  0.0000000E+00
  0.0000000E+00
  0.0000000E+00
  0.0000000E+00
  0.0000000E+00
  0.0000000E+00
  0.0000000E+00
  0.0000000E+00
  0.0000000E+00
  0.0000000E+00
  0.0000000E+00
  0.0000000E+00
  0.0000000E+00
  0.0000000E+00
  0.0000000E+00
  0.0000000E+00
  0.0000000E+00
 -4.9694593E-04
 -4.7575793E-04
 -4.5976866E-04
 -4.2806362E-04
 -4.2759351E-04
 -4.1269770E-04
 -4.0204424E-04
 -4.2160778E-04
 -4.0056041E-04
 -3.8295073E-04
 -4.2355567E-04
 -4.1366200E-04
 -4.4892554E-04
 -4.1453994E-04
 -3.7018722E-04
 -3.2840527E-04
 -3.1918910E-04
 -2.3649982E-05
 -1.1632169E-04
 -2.5938280E-04
 -3.4712080E-04
 -4.2461749E-04
 -4.0969090E-04
 -4.2765058E-04
 -3.8388386E-04
 -4.0756995E-04
 -4.4405440E-04
 -5.0402863E-04
 -4.4079719E-04
 -3.0414137E-04
 -1.4453512E-04
  2.2422188E-05
 -2.2528469E-04
 -8.5050582E-05
 -4.7633951E-04
 -3.2037927E-04
 -4.0680519E-04
 -4.6964482E-04
 -3.9392785E-04
 -4.6635728E-04
 -5.9793144E-04
 -4.6709301E-05
  3.8946656E-04
  1.4494965E-04
  1.6229085E-04
  3.2946016E-05
  4.3973079E-05
  1.0298958E-04
  7.1632872E-05
  1.8821086E-04
  3.1747454E-04
  3.3678309E-04
  3.5213723E-04
 -1.0606567E-04
 -5.4345414E-04
 -8.9520676E-04
 -1.1117518E-03
 -1.2903373E-03
 -1.3269031E-03
 -1.4350886E-03
 -1.3478248E-03
 -5.0563237E-04
 -4.5857066E-04
 -3.0168658E-04
 -1.0708459E-04
  1.3844898E-05
  1.1708897E-04
  2.3192515E-04
  3.9771732E-04
  7.4352516E-04
 -4.9770816E-04
 -4.4604318E-04
 -4.0238028E-04
 -4.9579452E-04
 -5.3822121E-04
 -5.7282404E-04
 -4.0596037E-04
 -3.4410987E-04
 -2.5845456E-04
 -1.5376272E-04
 -2.7423725E-05
  4.4172826E-05
 -2.1784503E-05
 -1.8585181E-04
 -3.9934987E-04
 -4.3253499E-04
 -3.7972635E-04
 -3.8855890E-04
 -4.2496945E-04
  5.3821415E-05
  2.3509738E-05
 -1.8419540E-05
 -8.4655170E-05
 -2.2179623E-04
 -4.0614459E-04
 -4.4162667E-04
 -4.2685034E-04
 -3.9174015E-04
 -4.8275921E-04
 -4.2362581E-04
 -2.5753240E-04
  2.1499079E-07
  1.9829813E-04
  3.5184273E-04
 -6.3190436E-07
  3.2128367E-04
  1.2790252E-04
 -3.4222534E-04
 -3.4271111E-04
 -3.5758101E-04
 -2.8925861E-04
  3.4272429E-04
  1.0036904E-03
  1.2255533E-03
  1.0357654E-03
  9.0523937E-04
  1.0105665E-03
  9.5417642E-04
  9.6630765E-04
  9.5034053E-04
  9.5074245E-04
  9.5486525E-04
  9.4727072E-04
  8.8171929E-04
  8.5119007E-04
  6.7617925E-04
 -8.7168162E-05
 -9.7134255E-04
 -1.1001432E-03
 -1.0082672E-03
 -1.0068774E-03
 -6.6564436E-04
 -8.1130827E-04
 -3.9527364E-04
 -3.8174228E-04
 -1.9279111E-04
 -7.3178700E-05
 -1.5131595E-04
 -4.7296248E-07
  2.2400871E-04
  6.0872111E-04
  1.2957994E-03
 -4.8597550E-04
 -3.7059802E-04
  3.8886429E-03
  4.8998282E-03
  6.3125580E-03
  7.9497751E-03
  1.4368526E-04
  7.4119342E-04
 -6.2260201E-06
  2.2264417E-04
  2.8101305E-04
  2.6339651E-04
  1.8770546E-04
  4.4160024E-05
 -2.5036806E-04
 -4.3638673E-04
 -3.5852278E-04
 -2.2678987E-04
 -1.1898752E-04
 -2.5474057E-05
 -2.3830269E-07
  3.0930143E-05
 -1.2567547E-05
 -9.4699928E-05
 -3.2269649E-04
 -3.3699162E-04
 -4.0764586E-04
 -5.4093910E-04
 -4.5865428E-04
 -1.5856911E-04
 -1.1034297E-04
  1.1812750E-04
  2.9686227E-04
  3.8152162E-04
  5.4800505E-04
 -1.2031584E-03
 -3.7879229E-04
 -2.5438468E-04
 -3.0738005E-04
 -3.6769666E-04
 -3.5914988E-04
 -5.1217683E-04
 -7.1303116E-04
  9.1240014E-04
 -5.7085638E-04
  4.7681879E-04
  1.5878201E-03
  2.1484094E-03
  1.6618139E-03
  1.5343963E-03
  1.4303618E-03
  1.3494740E-03
  9.4397500E-04
  6.8535208E-04
  8.5202768E-04
  6.8462820E-04
 -3.8299655E-05
 -4.7104203E-04
 -2.9990004E-04
 -2.4837194E-04
 -3.5131583E-04
 -3.0242771E-04
  1.6522185E-04
  5.4018092E-05
  1.8346529E-04
  2.4968159E-04
  2.6168479E-04
  2.5226187E-04
 -5.0260500E-05
  2.8062850E-04
  9.3600381E-04
  1.3195807E-03
  1.6308583E-03
  3.2201507E-03
  1.5753685E-03
  3.4654732E-03
  8.1664734E-03
  9.6255289E-03
  9.4365655E-03
  8.4170597E-03
  7.5667136E-04
  1.0494671E-03
  3.3032830E-04
 -3.3796771E-04
 -7.1053236E-04
 -9.6887111E-04
 -3.2113050E-04
 -6.9091521E-04
 -2.6570045E-04
  1.6212269E-05
  2.1758351E-04
  5.5162632E-04
  2.4706789E-04
  4.8829394E-04
  7.6054776E-04
  7.0340830E-06
  1.5251717E-05
 -1.3094465E-04
 -3.0173836E-04
 -1.2327825E-04
  9.0379377E-05
  2.5873471E-04
  2.9727508E-04
  2.1219059E-04
  2.0013192E-04
  2.2575789E-04
  3.0545297E-04
  3.1171244E-04
  1.1977988E-04
 -2.1453746E-04
 -1.8868841E-04
 -3.1111046E-04
 -3.9241757E-04
 -4.9144705E-04
 -4.2257103E-04
 -4.8881210E-04
 -2.0179889E-04
 -7.0817230E-05
  6.6929148E-05
  2.0008173E-03
  7.1775768E-04
  1.4680596E-03
  1.6213782E-03
  1.6992308E-03
  2.8263623E-04
  1.8663033E-05
  8.5373246E-04
  4.9236213E-04
  5.3833348E-05
  1.6819327E-05
  1.3269269E-04
  2.7405459E-04
 -4.8232856E-04
 -3.7891517E-04
  1.5164756E-04
  3.8420546E-04
  4.1399410E-04
  2.7770374E-04
  2.0406897E-04
  2.1441968E-04
  1.9312373E-04
  1.9573912E-04
  8.3649572E-04
  4.1060546E-05
  3.2236741E-03
  2.6475291E-03
 -9.8446377E-05
  1.4926448E-03
  5.0211493E-03
  5.7598851E-03
  4.8862607E-03
  3.8734630E-03
  1.2952641E-03
  8.0526317E-04
 -1.7556297E-03
 -3.2326391E-03
 -3.2647210E-03
 -2.8466294E-03
 -9.3255320E-04
 -8.6719147E-04
 -4.6864530E-04
  3.4748977E-05
  1.6419301E-05
  6.0389459E-04
  1.7247242E-03
  2.1992533E-03
  2.4608253E-03
  1.0197344E-03
  6.1471382E-04
  5.8403972E-04
  3.1800906E-04
  3.7780002E-04
  5.6298036E-04
  7.3962094E-04
  9.3512412E-04
  8.1778900E-04
  3.0747542E-04
 -1.1138809E-05
 -1.2679011E-04
 -1.4398813E-04
 -3.5001067E-04
 -4.2632138E-04
 -3.2545885E-04
 -3.8549854E-04
 -4.2731868E-04
 -3.9230759E-04
 -2.8068016E-04
 -1.3553987E-04
  5.6509572E-05
  3.2034045E-04
  5.5510015E-04
  6.4546510E-04
  6.0687558E-04
  7.9821440E-04
  9.3140767E-04
  1.0233416E-03
  8.0328144E-04
  4.4291490E-04
  4.0053829E-04
  3.2137241E-04
  2.7645647E-04
  2.6253480E-04
  3.1347823E-04
  4.2929835E-04
 -6.6784653E-04
 -3.8270888E-04
 -1.5029187E-04
  2.8061983E-04
  2.2762328E-04
  1.5268144E-04
  1.6995978E-04
  9.3384711E-05
  1.4707870E-04
  1.5433496E-04
  1.2696593E-04
  3.9523104E-05
  1.4883154E-03
  9.6026884E-04
 -6.6427322E-04
 -6.7151466E-04
 -5.2519882E-04
 -3.3854117E-04
 -1.9387976E-04
 -1.8937496E-04
  1.9249236E-04
 -7.2419411E-05
 -1.1060318E-03
 -2.1630472E-03
 -3.5425578E-03
 -2.7977037E-03
 -1.9511953E-03
 -1.7144495E-03
 -1.6938649E-03
 -1.1727531E-03
 -1.1457046E-03
  1.4564011E-03
  2.9533596E-03
  3.2169824E-03
  3.0851676E-03
  2.2139605E-03
  1.0436614E-03
  1.1363293E-03
  7.3964795E-04
  5.5121025E-04
  5.1449920E-04
  6.3908286E-04
  1.1275478E-03
  8.0249534E-04
 -3.5700155E-04
 -5.5643480E-04
 -5.2702607E-04
 -8.8939350E-04
 -7.6688395E-04
 -6.7483127E-04
 -4.6288411E-04
 -3.4894201E-04
 -4.5835102E-04
 -3.4069046E-04
 -1.4631076E-04
 -8.2585484E-06
  1.8598360E-04
  3.2034240E-04
  3.1481736E-04
  8.0222962E-04
  1.0416406E-03
  1.2829083E-03
  1.1548185E-03
  1.1657173E-03
  1.1483405E-03
  9.1018470E-04
  7.1512524E-04
  4.9305067E-04
  3.3999121E-04
  2.7080989E-04
  1.6929474E-04
  2.8404262E-04
  2.2502750E-04
 -1.5698090E-03
 -8.6867856E-04
 -2.2629960E-05
  5.0705123E-05
  1.6379160E-04
  2.4570792E-04
  3.0036070E-05
 -6.1284911E-05
 -1.9586664E-04
 -2.6942007E-04
 -2.3695605E-04
 -4.6228737E-04
 -6.2509824E-04
 -1.2024782E-03
 -1.3530119E-03
 -1.1011404E-03
 -1.0680101E-03
 -7.8194682E-04
 -7.1640493E-04
 -5.6766311E-04
 -6.9992343E-04
 -7.4110919E-04
 -1.4754247E-03
 -2.7591505E-03
 -3.2589338E-03
 -2.8608236E-03
 -2.4907682E-03
 -1.8745149E-03
 -1.8660002E-03
 -1.7419897E-03
 -1.3209657E-03
 -1.0740412E-03
 -7.5772899E-04
 -2.9617414E-04
 -7.4769434E-04
 -9.7014895E-04
 -7.5373024E-04
 -6.2245713E-04
 -1.0292686E-03
 -1.3174141E-03
 -9.4255933E-04
 -2.9920757E-05
  3.2123597E-04
 -1.7371590E-04
 -7.3002261E-04
 -8.4136502E-04
 -9.9140848E-04
 -9.0111844E-04
 -5.5278232E-04
 -7.3052383E-05
 -1.0281183E-04
 -2.5921385E-04
 -1.8689265E-04
 -7.1801413E-05
  2.9468580E-05
  1.6164908E-04
  1.2650000E-04
  2.4749138E-04
  7.1388227E-04
  1.0330965E-03
  1.0461621E-03
  1.0967861E-03
  1.0733783E-03
  1.0128820E-03
  1.2498093E-03
  1.4374518E-03
  1.1285652E-03
  6.4874638E-04
  6.3484535E-04
  3.6918235E-04
  5.3701660E-05
  4.5691137E-04
  4.3993583E-04
  3.3073517E-04
  2.5861454E-04
  2.5137371E-04
  3.3171166E-04
  2.7639029E-04
  1.4367864E-04
 -1.6571897E-04
 -5.5615156E-04
 -6.5538142E-04
 -7.8952592E-04
 -1.2410736E-03
 -1.0741287E-03
 -1.7455107E-03
 -1.6294449E-03
 -1.5971456E-03
 -1.2704039E-03
 -8.6941925E-04
 -7.2040787E-04
 -5.8956799E-04
 -8.9221779E-04
 -1.3512690E-03
 -2.0176554E-03
 -2.9319164E-03
 -3.1603719E-03
 -3.0400506E-03
 -2.8720365E-03
 -2.6822726E-03
 -2.6393426E-03
 -1.8442308E-03
 -1.4828643E-03
 -1.4915852E-03
 -1.1996771E-03
 -6.7397981E-04
 -8.6169626E-04
 -9.1924780E-04
 -1.0207900E-03
 -8.3292712E-04
 -9.8453125E-04
 -1.2158616E-03
 -7.7170896E-04
  8.0605583E-05
 -4.9173148E-05
 -7.8565499E-04
 -1.7098995E-03
 -1.4844195E-03
 -1.2380569E-03
 -8.5122877E-04
 -5.7254644E-04
 -3.1103133E-04
 -2.5800633E-04
 -2.3421092E-04
 -6.0764462E-05
  2.2552264E-04
  4.5328250E-04
  3.2227012E-04
  1.2818612E-04
  3.7411586E-04
  5.8949686E-04
  5.4169155E-04
  3.6287488E-04
  5.6150893E-04
  7.0927502E-04
  1.0075116E-03
  1.4964981E-03
  1.6439980E-03
  1.3640935E-03
  7.8347884E-04
  6.5384660E-04
  3.6466829E-04
  1.5869462E-04
  2.8583160E-04
  6.8457547E-04
  6.1616063E-04
  6.7227526E-04
  5.0205673E-04
  4.4817117E-04
  3.6072655E-04
  2.8467091E-04
 -1.8111366E-04
 -6.7098509E-04
 -8.5990177E-04
 -1.1156120E-03
 -1.4110848E-03
 -1.3233955E-03
 -1.8632466E-03
 -1.6429548E-03
 -1.7511421E-03
 -1.1196680E-03
 -9.7139884E-04
 -9.3193899E-04
 -9.1257598E-04
 -1.4871683E-03
 -2.0411522E-03
 -2.6019393E-03
 -3.1825830E-03
 -3.3575951E-03
 -3.2991252E-03
 -2.8949943E-03
 -2.3697224E-03
 -1.9697389E-03
 -1.5574048E-03
 -1.3033689E-03
 -1.4690313E-03
 -1.2059824E-03
 -7.4460270E-04
 -8.3778141E-04
 -7.5183855E-04
 -9.5861842E-04
 -6.1566354E-04
 -3.9834337E-04
 -5.9509289E-04
 -5.8264541E-04
 -7.4504316E-04
 -1.0747554E-03
 -1.5829676E-03
 -1.8458042E-03
 -1.0387265E-03
 -6.9630827E-04
 -8.0561551E-04
 -8.4391423E-04
 -8.0969959E-04
 -9.0566714E-04
 -5.6715740E-04
 -9.0298752E-05
  9.7011172E-05
  1.5812537E-04
  6.7444395E-05
 -7.8067802E-05
  1.2369620E-04
 -4.0104518E-05
 -1.7957775E-04
  6.2043415E-05
  4.5143854E-04
  8.1194279E-04
  1.2306739E-03
  1.2122352E-03
  1.0922096E-03
  8.4183033E-04
  5.8401941E-04
  4.7052721E-04
  9.0677771E-05
  1.0222655E-04
  2.5316721E-04
  1.0361396E-04
  1.1711845E-04
  3.3253321E-04
  2.3377431E-04
  2.9114989E-04
  1.6917704E-04
  8.7490451E-05
 -3.3709922E-04
 -7.9721736E-04
 -1.0381653E-03
 -1.1609569E-03
 -1.2476380E-03
 -1.5116519E-03
 -1.4783060E-03
 -1.5717702E-03
 -1.2447907E-03
 -9.0967061E-04
 -1.0536619E-03
 -1.2535348E-03
 -1.7264950E-03
 -2.3805122E-03
 -2.6148511E-03
 -2.6420981E-03
 -2.5253459E-03
 -2.3001181E-03
 -2.6741577E-03
 -2.6692436E-03
 -2.0958807E-03
 -1.6150486E-03
 -1.5103417E-03
 -1.3112980E-03
 -1.1234757E-03
 -9.6864998E-04
 -6.2262686E-04
 -5.8105681E-04
 -5.9161562E-04
 -8.3395647E-04
  5.7357549E-05
  8.3904422E-05
 -4.2303669E-04
 -6.7191722E-04
 -1.2137799E-03
 -1.5450009E-03
 -1.9906769E-03
 -1.4469717E-03
 -3.2675386E-04
 -5.1528547E-04
 -1.1638281E-03
 -9.5790520E-04
 -8.5021224E-04
 -1.1993145E-03
 -6.9263519E-04
 -3.7164407E-04
 -6.1203720E-04
 -8.4641890E-04
 -6.9780601E-04
 -5.2188011E-04
 -3.9104186E-04
 -3.5364978E-04
 -7.9208061E-05
  5.8787671E-04
  1.0128679E-03
  1.0959561E-03
  8.8297459E-04
  7.6250336E-04
  6.8061642E-04
  6.6895987E-04
  4.5276457E-04
  3.8827860E-04
  1.6853072E-04
  2.4309289E-04
 -4.8119758E-04
  1.9064554E-04
 -9.4275993E-06
 -2.7556815E-05
 -1.4831903E-04
 -2.3831720E-04
 -3.7852552E-04
 -3.3759390E-04
 -7.3609041E-04
 -1.1356453E-03
 -1.2040444E-03
 -1.0918197E-03
 -1.0567226E-03
 -1.2867373E-03
 -1.5047566E-03
 -1.3287752E-03
 -9.8057627E-04
 -8.6008385E-04
 -1.0734240E-03
 -1.5914387E-03
 -2.6970473E-03
 -3.1520135E-03
 -2.9944044E-03
 -2.3481240E-03
 -2.0403583E-03
 -1.7490714E-03
 -2.0712640E-03
 -2.1311436E-03
 -1.5572138E-03
 -1.4691110E-03
 -1.4718425E-03
 -1.3916577E-03
 -9.4872731E-04
 -8.8245852E-04
 -4.8812441E-04
 -4.9937575E-04
 -5.4145721E-04
 -3.0007825E-04
  4.2119221E-04
 -9.0653215E-05
 -8.8017888E-04
 -1.1940019E-03
 -1.5518774E-03
 -1.7760108E-03
 -1.5166202E-03
 -5.0430791E-04
  1.4748937E-04
 -8.7846571E-04
 -1.1964772E-03
 -7.5661507E-04
 -6.5168570E-04
 -8.8961958E-04
 -6.5109291E-04
 -6.4607715E-04
 -7.7592395E-04
 -1.2890437E-03
 -1.0737724E-03
 -8.0407667E-04
 -8.0747239E-04
 -1.9163894E-04
  5.6235358E-04
  1.2098212E-03
  1.3775971E-03
  1.0170743E-03
  4.6744154E-04
  2.9614699E-04
  2.6716810E-04
  1.1822600E-04
  1.4085037E-04
  1.3437621E-04
  1.6266551E-04
 -1.7816945E-03
 -1.4676201E-03
  4.7832771E-04
  5.8689078E-05
 -1.6529462E-04
 -3.9661591E-04
 -7.4536295E-04
 -8.5290743E-04
 -7.2714384E-04
 -9.3181443E-04
 -1.2283622E-03
 -1.3155622E-03
 -1.2837308E-03
 -1.2628526E-03
 -1.2066037E-03
 -1.3348759E-03
 -1.1737727E-03
 -1.1074689E-03
 -8.2718703E-04
 -1.2143812E-03
 -1.6716589E-03
 -2.4508196E-03
 -2.7148786E-03
 -2.0729799E-03
 -1.7072191E-03
 -1.7059705E-03
 -1.7517782E-03
 -1.8654497E-03
 -1.5807356E-03
 -1.4961777E-03
 -1.4218260E-03
 -1.4217879E-03
 -1.0794607E-03
 -7.2994269E-04
 -6.7351671E-04
 -5.9525965E-04
 -5.8729295E-04
 -1.2061225E-04
  4.7441502E-04
  4.1863084E-04
 -5.0957804E-04
 -1.2092008E-03
 -1.2628082E-03
 -1.4818780E-03
 -1.2994147E-03
 -5.7409907E-04
  3.3117720E-04
  1.0727006E-05
 -1.1599563E-03
 -9.9668175E-04
 -3.1647054E-04
 -3.9293055E-04
 -6.6991523E-04
 -9.3393179E-04
 -7.0021051E-04
 -5.6894938E-04
 -1.0937924E-03
 -1.0542426E-03
 -7.1658258E-04
 -6.9403090E-04
  2.1121930E-04
  7.9922751E-04
  1.2005433E-03
  1.2723048E-03
  9.2257845E-04
  4.0402464E-04
  1.7519388E-04
 -1.2378220E-04
 -7.4268878E-04
 -6.4488198E-04
 -6.2490173E-04
 -2.3378214E-04
 -1.6374178E-03
 -7.4158231E-04
 -3.1529943E-04
 -2.0839871E-04
 -3.3393118E-04
 -5.1905360E-04
 -1.1787200E-03
 -1.3334992E-03
 -1.0199505E-03
 -9.8525640E-04
 -1.2325140E-03
 -1.2422992E-03
 -1.2132027E-03
 -1.1043805E-03
 -1.0382584E-03
 -8.4400462E-04
 -9.2194270E-04
 -1.1900828E-03
 -9.5543172E-04
 -1.2559774E-03
 -1.9264132E-03
 -2.2180413E-03
 -2.0624024E-03
 -9.6330675E-04
 -8.2204957E-04
 -9.7298110E-04
 -1.6957915E-03
 -1.7292749E-03
 -1.0449231E-03
 -9.2013954E-04
 -1.1151205E-03
 -8.7924267E-04
 -4.8895273E-04
 -6.0416898E-04
 -6.9151021E-04
 -9.9220721E-04
 -3.2426245E-04
  6.2906399E-04
  7.2230492E-04
 -1.5473498E-04
 -7.2843937E-04
 -1.1106116E-03
 -8.3450979E-04
 -6.2594924E-04
 -5.7646743E-04
  1.2823213E-04
  6.3456583E-04
  2.3058934E-05
 -9.5272687E-04
  3.4877779E-05
 -3.9790993E-04
 -2.4175165E-04
 -5.6352018E-04
 -8.9062343E-04
 -6.2408275E-04
 -4.0627530E-04
 -8.1824715E-04
 -8.5714326E-04
 -4.0097165E-04
 -3.9320189E-04
  3.9243564E-04
  3.8130596E-04
  6.7848474E-04
  8.1071345E-04
  7.0802873E-04
  5.8421155E-04
  3.4310011E-04
 -4.1883963E-04
 -9.8810892E-04
 -1.3775371E-03
 -1.3297393E-03
 -6.8218057E-04
 -4.7078407E-03
 -2.6322594E-03
 -7.2710426E-04
 -8.8804122E-04
 -9.9194515E-04
 -7.6172972E-04
 -1.3325264E-03
 -1.5385154E-03
 -1.4991870E-03
 -1.4641151E-03
 -1.4686303E-03
 -1.1719691E-03
 -9.4824459E-04
 -9.4088580E-04
 -7.7232777E-04
 -7.6404779E-04
 -1.0983777E-03
 -1.4119506E-03
 -7.2600419E-04
 -9.6252991E-04
 -1.5132092E-03
 -1.3687300E-03
 -7.6707127E-04
  1.6522690E-04
  1.4148255E-04
  1.1659312E-04
 -4.1502065E-04
 -3.5333997E-04
 -8.5156571E-05
 -2.0970662E-04
 -5.8603741E-04
 -3.3170238E-04
 -6.1107290E-05
 -2.6107734E-04
 -1.8095715E-04
 -1.5479350E-04
  6.7577348E-04
  1.0525321E-03
  6.2093092E-04
 -2.2289135E-04
 -4.7088656E-04
 -5.7758851E-04
 -1.9645339E-04
  8.2072467E-05
 -1.4076774E-03
  1.6277159E-03
  7.9357822E-04
  5.2962737E-04
 -1.6161708E-04
 -4.0332228E-03
 -4.3028183E-04
 -4.9776054E-04
 -5.9160945E-04
 -5.6140730E-04
 -6.1643135E-04
 -5.8783533E-04
 -7.6084078E-04
 -6.7250442E-04
 -5.6263094E-04
 -5.2338140E-04
  3.2244471E-04
 -2.1703100E-04
  1.6712649E-04
  2.2975479E-04
  3.5205277E-04
  6.7693216E-04
  7.0427290E-05
 -8.2520087E-04
 -1.1551497E-03
 -1.7264835E-03
 -1.6189968E-03
 -1.1901039E-03
 -5.7450067E-03
 -3.0757128E-03
 -9.8775595E-04
 -1.2652911E-03
 -1.5946531E-03
 -1.5945324E-03
 -1.8529060E-03
 -2.0501125E-03
 -2.0138244E-03
 -2.2625611E-03
 -1.5376917E-03
 -1.1316770E-03
 -9.9506520E-04
 -8.4156980E-04
 -8.3522970E-04
 -1.2415288E-03
 -1.1567629E-03
 -7.8878709E-04
 -1.5682128E-04
  3.3506515E-04
  7.3390739E-04
  1.1195776E-03
  1.1065312E-03
  1.7061862E-03
  1.4426942E-03
  1.3612913E-03
  1.5109187E-03
  1.1788956E-03
  6.1483809E-04
  5.1471527E-04
  2.4561281E-04
  2.1773235E-04
  3.7184995E-04
  4.8072313E-04
  6.7985355E-04
  7.1152725E-04
  1.1785040E-03
  1.1660233E-03
  5.2149908E-04
  4.2655316E-05
 -1.9470839E-04
 -7.3300398E-05
  3.0780713E-05
 -2.3899840E-04
 -1.0260106E-03
  5.2120816E-04
  8.5025927E-04
  9.4177149E-04
 -1.0354900E-04
 -8.6310803E-04
 -7.4698182E-04
  3.2783719E-05
 -5.3183344E-04
 -1.5634646E-04
 -4.6452362E-04
 -8.2441419E-04
 -1.0046370E-03
 -9.6694968E-04
 -7.2045077E-04
 -4.4079387E-04
 -1.0639018E-05
 -7.5282552E-04
 -1.5736274E-04
 -4.3201035E-05
 -4.0044742E-05
 -1.9014385E-04
 -7.2831899E-04
 -8.5940119E-04
 -6.8958563E-04
 -1.4094927E-03
 -1.5706166E-03
 -1.6236716E-03
 -7.1177622E-03
 -4.1875602E-03
 -1.1056910E-03
 -1.5197640E-03
 -1.8718290E-03
 -2.8042775E-03
 -3.1251651E-03
 -3.6171232E-03
 -2.8235246E-03
 -2.4229544E-03
 -1.4443110E-03
 -1.2682375E-03
 -1.2710833E-03
 -1.1537028E-03
 -1.2857352E-03
 -8.2256855E-04
 -3.1567336E-04
  2.2414057E-04
  7.2494964E-04
  1.2007593E-03
  2.4090905E-03
  2.6610647E-03
  1.6430727E-03
  1.8049938E-03
  1.7190415E-03
  1.5761760E-03
  2.1659650E-03
  1.4402126E-03
  1.1059815E-03
  8.8960235E-04
  8.0552784E-04
  5.7313236E-04
  7.2445767E-04
  8.8251539E-04
  8.3262182E-04
  7.1103498E-04
  9.1210875E-04
  7.6083577E-04
  2.9657353E-04
  1.0862162E-04
  1.0207739E-04
  2.0886543E-04
  2.1061265E-04
 -1.4449438E-03
 -2.1803539E-04
 -1.0961003E-03
  9.7061897E-04
  8.4744819E-04
 -4.3334175E-04
 -1.0647287E-03
 -3.8350138E-04
 -1.0871074E-04
 -2.3999665E-04
  1.5281429E-04
  5.7283632E-05
 -1.1669154E-03
 -1.1553732E-03
 -8.6473970E-04
 -5.9068901E-04
 -2.0549215E-04
 -4.2176768E-04
 -4.6047915E-04
  1.1841126E-04
 -3.8953542E-04
 -1.0551114E-03
 -8.9407846E-04
 -1.0278519E-03
  1.3591105E-04
  9.7970398E-05
 -7.0357136E-04
 -1.2048101E-03
 -1.2397908E-03
 -7.5629931E-03
 -4.9771057E-03
 -1.4876125E-03
 -1.7294565E-03
 -2.3415135E-03
 -4.0178262E-03
 -4.4344761E-03
 -4.0474678E-03
 -3.1927724E-03
 -2.0272634E-03
 -1.2147633E-03
 -1.3185646E-03
 -1.3651021E-03
 -1.3754328E-03
 -1.3383306E-03
 -9.9818266E-05
  1.4975939E-04
  4.2010614E-04
  4.3934933E-04
  6.0375696E-03
 -5.5170327E-04
  1.0754173E-04
  1.0791542E-03
  9.8303554E-04
  1.0146793E-03
  1.1121391E-03
  1.2119566E-03
  1.0493841E-03
  1.0492527E-03
  7.3195162E-04
  6.8359269E-04
  4.8979017E-04
  7.0966728E-04
  6.4596569E-04
  4.5183703E-04
  2.2838038E-04
  2.5443023E-04
  3.1232418E-04
  7.9041184E-04
 -2.4063184E-04
 -2.5491550E-04
  2.6518051E-04
 -1.5150019E-03
 -9.3491608E-04
 -7.8816921E-04
 -2.3143683E-03
  9.2338171E-04
  4.6700251E-04
 -6.5500900E-04
 -7.7052519E-04
 -3.3913882E-04
 -3.2951531E-04
  1.3105026E-04
  1.0661569E-04
  9.4886593E-05
 -6.2380207E-04
  2.4859419E-05
 -3.5008637E-05
 -2.3829013E-04
  1.6783815E-04
 -7.4922200E-04
 -2.8729084E-04
 -2.1306110E-04
 -1.4430101E-03
 -1.1028521E-03
 -3.0316215E-04
  1.5604564E-04
  1.6127311E-03
  3.4868214E-04
 -4.4661772E-04
 -5.2673079E-04
 -3.7807121E-04
 -1.6710694E-03
 -3.9314223E-03
 -1.3508926E-03
 -2.0072102E-03
 -6.3822130E-03
 -2.6709568E-03
 -2.9677134E-03
 -2.3811315E-03
 -1.4287587E-03
 -4.4853892E-04
 -2.9339310E-04
 -5.3418352E-04
 -6.0191960E-04
 -5.8185088E-04
 -3.5701122E-04
  5.8456233E-05
  9.0459325E-05
  1.9831605E-04
  3.4418894E-04
  2.1914633E-03
  7.0641472E-05
 -1.6888608E-03
  7.5175543E-04
  4.7473356E-04
  6.3079159E-04
  4.1566003E-04
  4.5795320E-04
  5.8536819E-04
  5.2241579E-04
  4.4833493E-04
  4.3981944E-04
  2.8427682E-04
  3.8038532E-04
  3.2772121E-04
  1.8502105E-04
  1.3283535E-05
  8.8758512E-05
  1.8018609E-04
  6.1179808E-04
 -3.1029727E-04
  9.2084592E-05
  3.0690603E-04
 -4.5644451E-04
 -2.5293414E-04
 -5.2974321E-04
 -1.8466640E-03
 -4.5813885E-04
  3.0822886E-04
 -5.0576044E-05
  4.7517553E-04
  7.6085393E-04
  7.9582800E-04
  9.9764031E-04
  3.5512919E-04
 -1.7233548E-04
  3.5799760E-05
  9.8824885E-04
  6.3455547E-04
  4.7236565E-04
  1.4657615E-04
 -5.2272389E-04
  5.1972043E-04
  1.2276541E-04
 -7.5181795E-04
 -4.7694057E-06
  5.5548100E-04
  1.2932046E-03
  1.5870074E-03
  3.2217926E-04
  1.6294247E-04
  1.8237604E-04
  2.4440498E-04
  2.1975000E-05
 -2.0467187E-03
 -6.3263357E-04
 -2.3209741E-03
 -5.0894497E-03
 -3.5738680E-03
 -2.5843515E-04
 -5.6550696E-05
  4.0105588E-04
  7.7590608E-04
  3.7440736E-04
 -3.1923487E-06
 -3.7025809E-05
  4.8030729E-06
  3.0981824E-05
  7.0090267E-05
  4.6136534E-05
  2.3961368E-04
 -2.5752458E-06
  1.8015962E-04
 -3.2054586E-04
 -9.5069269E-04
  6.8274254E-05
  1.3104129E-04
 -5.4356846E-04
 -1.4188648E-04
 -9.7286174E-05
 -2.8486795E-06
 -5.8587124E-05
  5.2774565E-05
  9.5138050E-05
  1.0323321E-04
  4.3326429E-05
 -1.6283580E-05
 -1.2680185E-04
 -4.3615215E-05
 -7.5450909E-05
 -1.6443717E-04
  2.3579914E-03
 -7.8904594E-04
 -3.6316179E-04
 -3.4403443E-04
 -1.5167097E-04
 -2.7489991E-04
 -6.6115247E-04
 -1.4240335E-03
 -2.9888240E-06
  5.8113574E-04
  7.0712267E-04
  1.4586337E-03
  1.5786247E-03
  1.9454004E-03
  1.7345865E-03
  2.9773978E-04
 -3.0326980E-04
 -4.1224968E-04
  2.7367548E-04
  5.9228833E-04
  7.5572089E-04
  7.7857223E-04
  1.7713674E-03
  3.1042532E-03
  1.5610895E-03
  6.9128332E-04
  9.4319746E-04
  6.2324369E-04
  8.7977329E-04
  8.1004266E-04
  4.4765865E-04
  4.1620352E-04
  3.9099084E-04
  2.5127892E-04
  3.8811981E-05
 -1.2230718E-03
 -3.3489434E-04
 -1.5020679E-03
 -4.1995510E-03
 -2.3103170E-03
  9.4348774E-04
  1.1723216E-03
  1.2435497E-03
  5.5698969E-04
  1.9474801E-04
  1.7902603E-04
  6.7434667E-05
  3.7267138E-05
  4.5805948E-05
 -3.4406974E-05
 -1.0162193E-05
  1.9668299E-04
  5.8278256E-06
 -8.1667116E-05
 -7.9136662E-05
 -3.3509129E-04
 -1.0308992E-03
 -3.0940294E-04
 -2.7064336E-03
 -1.9209802E-03
 -4.7332724E-04
 -5.2883278E-04
 -5.9095304E-04
 -4.0283421E-04
 -2.6346196E-04
 -2.3023631E-04
 -4.6032280E-04
 -4.6005170E-04
 -4.0830695E-04
 -2.0211369E-04
 -1.9671304E-04
 -4.1960608E-04
  4.8756044E-04
 -8.9616608E-04
 -5.0502294E-04
 -7.3563110E-04
 -5.6704227E-04
 -4.4933378E-04
 -7.2177424E-04
 -1.1888072E-03
 -3.2137040E-04
  5.2920071E-04
  7.7712961E-04
  1.7713187E-03
  2.1047506E-03
  2.3091829E-03
  3.4506721E-04
 -8.9743879E-04
 -1.2245089E-03
 -8.7100267E-04
  2.9105795E-04
  9.4137207E-04
  1.4718453E-03
  2.7097855E-03
  5.9333127E-03
  3.8594743E-03
  2.1488066E-03
  1.5299544E-03
  1.0048861E-03
  2.9500769E-04
  3.1109463E-04
  4.3174237E-04
  4.7449625E-04
  3.2944241E-04
  1.7342111E-04
  5.9046877E-05
 -1.9534548E-04
 -2.7249099E-04
 -3.7507270E-04
  6.9005757E-05
  1.3846690E-03
 -4.8647693E-04
  1.9560081E-04
  4.8620874E-05
  1.3177579E-04
 -1.6424435E-04
 -1.2003853E-04
  7.5417243E-05
  1.6397606E-05
  1.5772084E-05
  9.4637180E-06
 -1.9147542E-04
 -1.0075813E-04
  1.4341878E-05
 -2.9108502E-05
  1.5659726E-06
 -7.1856753E-05
 -3.2192326E-04
 -1.6754072E-03
 -6.5327605E-04
 -1.0821467E-03
 -4.1765277E-03
 -9.1547426E-04
 -6.9789414E-04
 -7.6322368E-04
 -7.8631582E-04
 -8.0932182E-04
 -7.3619897E-04
 -1.0894011E-03
 -1.2551520E-03
 -4.3721052E-04
 -3.4397724E-04
 -5.9442321E-04
 -9.2753733E-04
 -5.7774875E-04
 -7.2389946E-04
 -4.8730359E-04
 -4.3875640E-04
 -3.7928441E-04
 -4.1449242E-04
 -8.6029025E-04
 -8.6026132E-04
  2.4263300E-04
  1.4838306E-04
  9.1300032E-04
  1.3869132E-03
  1.9763568E-03
  6.8984821E-04
 -1.2405633E-03
 -1.6698441E-03
 -1.2206787E-03
 -3.0179767E-04
  8.4451615E-04
  1.1255788E-03
  1.7418020E-03
  4.0029255E-03
  4.8658703E-03
  2.2574002E-03
  1.6194718E-03
  1.0843810E-03
  5.3135672E-04
  2.0448743E-04
  2.2996662E-04
  2.8054154E-04
  2.7312568E-04
  1.6780336E-04
  5.0822068E-06
 -1.8989321E-04
 -5.4545596E-04
 -1.4612079E-04
 -1.9985714E-04
  8.3370460E-04
  6.3222984E-04
 -3.9670803E-04
 -5.0768454E-04
 -1.3477162E-03
 -8.8951713E-04
 -7.4764283E-04
 -4.2868874E-04
 -2.5203085E-04
 -1.3150748E-04
 -8.9784058E-05
 -1.5326946E-04
 -2.9444491E-04
 -1.7516357E-04
 -1.0182007E-04
 -9.4018571E-07
  5.0585518E-06
 -1.6401280E-05
 -1.7469362E-04
 -2.5468592E-03
 -9.0401055E-04
 -2.9372284E-04
 -5.0156526E-03
 -1.4715185E-03
 -1.2765924E-03
 -1.1847895E-03
 -8.6178526E-04
 -5.8105693E-04
 -5.8164081E-04
 -1.3674354E-03
 -1.3003995E-03
 -5.4661348E-04
 -1.5829884E-03
 -1.9851122E-03
 -1.9179598E-03
 -1.2063781E-03
 -5.9283379E-04
 -2.3512902E-04
 -2.2036236E-04
 -1.6259417E-05
 -3.5682422E-04
 -7.7432673E-04
 -1.1308772E-04
  3.5193596E-05
 -7.4879158E-06
  3.4389851E-04
  7.9267418E-05
  1.8857335E-04
 -7.9495634E-04
 -1.3641869E-03
 -9.8792615E-04
 -5.9805904E-04
 -1.9717302E-04
  3.0307044E-04
  4.7948945E-04
  1.1782852E-03
  2.3000722E-03
  1.9721913E-03
  8.7407551E-04
  7.0201745E-04
  4.0795293E-04
  3.3053313E-04
  2.1996308E-04
  1.8485861E-04
  1.6264366E-04
  6.2943625E-05
 -3.3837183E-05
 -1.9269148E-04
 -5.7240017E-04
 -7.4211531E-04
 -4.7757163E-05
 -4.5721492E-04
 -8.4319239E-04
 -6.8037707E-04
 -8.4479665E-04
 -9.4199221E-04
 -3.8388649E-03
 -1.3985576E-03
 -7.7925069E-04
 -5.1315699E-04
 -3.6289502E-04
 -2.1585506E-04
 -2.7073163E-04
 -3.1407503E-04
 -3.2176968E-04
 -2.9484733E-04
 -1.5032024E-04
 -1.0291329E-05
 -2.6333506E-05
 -1.5900738E-05
 -3.0996078E-05
 -1.4486986E-03
 -1.6065859E-03
 -8.8791057E-06
 -1.0358764E-02
 -1.1120546E-03
 -4.6543448E-04
 -4.4823540E-04
 -3.5348625E-04
 -4.1539600E-04
 -5.5520545E-04
 -6.8138243E-04
 -5.1153044E-04
 -1.5574653E-03
 -4.1910373E-03
 -2.9252791E-03
 -2.7310753E-03
 -1.2361503E-03
 -2.9757532E-04
 -8.8459157E-05
 -8.1371341E-05
 -1.2855740E-04
 -1.6635569E-04
 -8.7006280E-04
 -7.4873402E-05
 -1.8769164E-04
 -1.7125347E-04
 -3.2566229E-05
 -3.1078546E-04
 -8.1551884E-04
 -7.9026865E-04
 -7.9706917E-04
 -4.8600364E-04
 -5.8567052E-04
 -4.5551211E-04
 -4.6105287E-04
 -1.2071914E-05
  4.0999186E-04
  5.1220722E-04
  6.2200846E-04
  2.7919430E-04
  2.5552165E-04
  1.9794019E-04
  1.9956393E-04
  1.1901958E-04
  5.2824525E-05
 -7.0923408E-05
 -1.8485874E-04
 -2.6561908E-04
 -4.1680422E-04
 -3.8978690E-04
 -1.0423084E-04
 -8.4616142E-05
 -1.3128617E-03
 -1.2786699E-03
 -5.6070468E-04
 -5.2991859E-04
 -2.5611455E-04
 -3.5667345E-03
 -1.8155708E-03
 -6.7997142E-04
 -9.1521186E-04
 -7.1453193E-04
 -4.0046489E-04
 -3.8803040E-04
 -3.5257501E-04
 -2.9175682E-04
 -2.9152003E-04
 -1.4306055E-04
 -9.6594631E-05
 -1.5338627E-04
 -4.8674134E-05
 -1.2624655E-04
 -5.8199378E-04
 -1.1182646E-03
 -1.2282161E-03
 -4.6895673E-03
 -1.1714856E-03
 -4.8889953E-04
 -3.3163227E-04
 -1.5614476E-04
 -2.4695901E-04
 -6.4563187E-04
 -1.0577627E-03
 -2.8455914E-03
 -8.0158934E-03
 -7.0520216E-03
 -4.1413745E-03
 -2.3145706E-03
 -7.6822756E-04
 -2.1001531E-04
 -1.2453958E-04
 -6.5713932E-05
 -2.6689415E-04
 -1.1308612E-04
  1.6623145E-04
 -3.6084928E-04
 -9.0594921E-04
 -8.5007376E-04
 -8.0966903E-04
 -1.7090229E-03
 -1.9227712E-03
 -5.3120992E-04
 -6.1082974E-04
 -6.6032528E-04
 -2.6802910E-03
 -1.6901525E-03
 -6.3751795E-04
 -3.7016865E-04
 -9.2945331E-05
  3.3887984E-05
 -8.2779725E-06
  1.1826843E-04
 -3.0224177E-05
  3.9544779E-05
  8.1870367E-06
 -8.5895430E-05
 -2.0450437E-04
 -2.8463249E-04
 -2.7899869E-04
 -3.3823770E-04
 -1.6557958E-04
 -1.7345522E-04
 -3.2948932E-04
 -1.5280120E-03
 -1.4945591E-03
 -1.0067699E-03
  5.5260556E-03
 -4.0486245E-04
  1.1997049E-07
 -2.6088953E-03
 -2.2719151E-03
 -1.3836871E-03
 -1.0404873E-03
 -5.5082550E-04
 -2.0604546E-04
 -1.7393194E-04
 -1.9642635E-04
 -2.3376729E-04
 -4.1705326E-04
 -9.7226934E-05
 -1.6045355E-04
 -2.6937248E-04
 -1.1103616E-04
 -1.3875273E-04
 -1.4927260E-03
 -1.3892681E-03
 -4.3865008E-04
 -7.5229839E-04
 -6.2733219E-04
  1.5201648E-04
  7.1823329E-04
  5.5798137E-04
  2.1408599E-05
 -1.9343201E-03
 -5.1794844E-03
 -1.0971160E-02
 -1.3119404E-02
 -8.5968263E-03
 -4.0889364E-03
  4.2875981E-05
 -1.7001723E-04
 -2.4672432E-04
  6.9683651E-05
  5.7338140E-05
 -2.8968716E-04
  8.8069974E-05
 -2.0935631E-03
 -1.7353258E-03
 -2.6691623E-03
 -3.5351804E-03
 -3.1672576E-03
 -3.6764427E-03
 -3.2096016E-03
 -9.7696600E-04
 -1.7378163E-03
 -1.0553340E-03
 -4.5699980E-03
 -3.2413302E-03
 -2.4043559E-03
 -1.7838232E-03
 -3.8647826E-04
 -4.7453967E-05
 -7.3514908E-05
 -1.1004520E-04
 -3.7818139E-05
 -5.1082443E-05
 -7.9056947E-05
 -1.0611155E-04
 -2.6679112E-04
 -2.0851266E-04
 -2.6508700E-04
 -2.6312086E-04
 -2.5042551E-04
 -3.5103335E-04
 -1.8512669E-03
 -8.4449514E-04
 -7.0018612E-04
 -5.3294911E-04
  1.9227840E-03
 -2.5672323E-04
  3.0862502E-05
  2.3951376E-04
 -5.9596412E-03
 -1.3206886E-03
 -7.9728389E-04
 -3.7534171E-04
 -9.0229965E-05
  8.6404892E-05
 -6.4029846E-06
 -2.4234815E-04
 -1.9842286E-04
 -7.5028039E-04
 -5.6919048E-04
 -7.5091311E-04
 -3.0457173E-04
 -1.9760740E-04
 -5.7843205E-04
 -1.7726471E-03
  3.5624349E-04
  7.6413411E-04
  8.2145809E-05
  1.4399869E-03
  3.0482400E-03
  2.8466003E-03
  1.8234296E-03
 -5.1276758E-03
 -1.1782233E-02
 -1.8840320E-02
 -1.6446980E-02
 -9.5570004E-03
 -1.1201119E-04
  4.4498397E-03
  1.7623872E-05
  1.3199584E-04
  1.7334063E-05
 -2.8701531E-04
 -2.0736075E-04
  5.8345553E-03
 -8.3954064E-03
 -8.2352767E-03
 -4.3378901E-04
 -4.9229809E-03
 -3.6976060E-03
 -2.5405192E-03
 -2.3441873E-03
 -1.1260392E-03
 -1.7067771E-03
 -5.4596679E-04
 -3.6000812E-03
 -4.2862184E-03
 -4.1726120E-03
 -2.8669471E-03
 -1.9343649E-03
 -8.7167852E-04
 -5.2983855E-04
 -5.9370021E-04
 -1.7854788E-04
 -6.6982197E-05
 -5.9743234E-05
 -6.3768297E-05
 -1.2404381E-04
 -1.0622109E-04
 -3.0358851E-05
 -1.1615270E-04
 -3.2861624E-04
 -1.4997617E-04
 -2.5362421E-03
 -2.7266394E-03
 -1.6405522E-03
 -1.0232717E-03
 -1.1303467E-03
 -3.5572998E-04
  1.2664258E-04
  9.4494066E-04
 -4.6061995E-03
 -1.8927017E-03
 -4.6470395E-04
 -1.7822703E-04
 -1.6987977E-04
 -1.0243097E-04
 -1.2911393E-04
 -1.6347440E-05
 -5.9510690E-05
 -1.3824677E-03
 -1.2348354E-03
 -1.7354259E-03
 -1.0119397E-03
 -3.6045510E-04
 -1.1078294E-04
 -1.2400317E-03
  9.0779655E-04
  1.4931483E-03
  4.3973597E-04
  1.6686317E-03
  5.5118441E-03
  3.7909611E-03
 -1.2597654E-03
 -8.4144818E-03
 -9.4856229E-03
 -1.3605893E-02
 -1.6412886E-02
 -5.9474558E-03
 -4.4952697E-04
  6.1503705E-04
 -9.4647909E-04
  1.0447024E-02
 -5.2544044E-04
 -1.5880336E-04
  1.9588014E-03
  2.6396033E-03
 -8.0118934E-03
  5.9995131E-04
  3.3985099E-03
 -3.5929184E-03
 -3.5390609E-03
 -2.6105719E-03
 -1.5193888E-03
 -2.0186451E-05
 -4.8699573E-04
 -7.8521244E-04
 -1.6557643E-03
 -2.2738699E-03
 -3.0063482E-03
 -2.3783483E-03
 -1.3067632E-03
 -9.0960361E-04
 -4.7452323E-04
 -2.3943612E-04
 -1.9531748E-04
 -1.1218809E-04
 -4.2313975E-05
 -8.5263884E-05
 -7.1868541E-05
 -3.4825556E-05
 -1.1576750E-04
 -1.7434760E-04
 -1.4848467E-04
  6.9961953E-04
 -3.3909350E-03
 -5.5766497E-03
 -2.7176286E-03
 -2.1782415E-03
 -4.5273821E-03
 -3.0260750E-03
 -1.8562443E-03
 -1.3884985E-03
 -2.3459780E-03
 -7.3425495E-04
 -2.1432689E-04
 -6.1842329E-05
 -9.7760631E-06
 -1.3190714E-05
 -3.5304138E-06
  4.8832594E-06
 -7.5185664E-05
 -3.3174623E-03
 -2.9086396E-03
 -3.7502369E-03
 -2.6708539E-03
 -8.1315445E-04
  1.7888941E-03
 -7.4604090E-04
 -9.4204961E-04
  9.6228876E-04
  1.4409844E-03
  1.0613517E-03
  2.2074470E-04
 -2.0338038E-03
 -4.3099686E-03
 -6.3290698E-03
 -5.2316687E-03
 -7.3369234E-03
 -1.2495792E-02
 -6.2445765E-03
 -5.4107946E-03
  3.8485680E-04
 -1.0923276E-03
  1.4706982E-02
 -2.6354374E-04
  1.7530101E-03
 -1.2582280E-03
  1.7108349E-03
  7.6355981E-03
  8.1578884E-03
  5.5163656E-03
 -8.4499660E-04
 -1.5345757E-03
 -1.1975254E-03
  8.6309761E-04
 -1.2987637E-04
 -1.7454755E-04
 -9.3179673E-04
 -1.4602424E-03
 -1.3868737E-03
 -1.2511371E-03
 -8.3484809E-04
 -6.5589324E-04
 -4.9863278E-04
 -3.5617501E-04
 -2.7280740E-04
 -1.8375540E-04
 -1.0455013E-04
 -9.7786506E-05
 -1.0213568E-04
 -8.6331776E-05
 -4.4671066E-05
 -2.9206203E-04
 -5.7571311E-04
 -6.1176764E-04
  1.9446859E-03
 -1.0317361E-02
 -6.8732407E-03
 -1.2633456E-03
 -5.7668858E-03
 -4.6707410E-03
 -6.6246116E-03
 -8.0690449E-03
 -7.6847401E-04
 -8.3220989E-04
 -9.0290523E-05
 -4.0700972E-05
 -2.0910480E-05
 -3.8711851E-06
  1.0296757E-05
  3.2973607E-05
 -2.6822233E-04
 -2.8686284E-03
 -3.0901062E-03
 -4.7168671E-03
 -5.0475192E-03
 -1.6898668E-03
 -1.0736734E-03
  2.2826658E-03
 -6.0549338E-04
 -2.0662278E-03
  6.1429845E-04
  2.4136959E-03
  3.1615014E-03
  1.8157387E-03
 -9.1960304E-04
 -3.0806032E-03
 -2.2805207E-03
 -3.1194473E-03
 -5.9512337E-03
 -9.5123230E-03
 -6.7913467E-03
  1.5860331E-03
 -1.6519882E-03
 -9.9267834E-04
 -1.5561640E-03
  2.0053796E-03
  3.3456958E-03
  4.8954906E-03
  9.9307382E-03
  1.0755409E-02
  5.4194620E-03
  2.5892600E-03
  1.9656438E-03
  2.7877050E-03
  7.4163941E-04
  3.5353582E-03
  1.9716020E-03
  1.2733740E-03
 -1.2208400E-03
 -2.4939422E-03
 -2.2611287E-03
 -1.5057524E-03
 -1.2308828E-03
 -1.1188395E-03
 -4.8686427E-04
 -2.1902956E-04
 -5.1691080E-04
 -4.7663404E-04
 -2.5207290E-04
 -2.9561657E-04
 -2.8551638E-04
 -2.5265629E-04
 -3.0493279E-04
 -4.5981744E-04
 -1.2760746E-03
 -2.2574356E-03
 -2.2056946E-03
 -3.5950220E-03
 -9.9192308E-03
 -4.5146742E-03
 -7.5517325E-03
 -6.8341293E-03
 -3.3369807E-03
 -1.1904738E-04
 -7.1431696E-04
 -4.0343977E-04
 -3.2965222E-04
 -2.0246454E-04
 -1.7080628E-04
 -2.4999387E-04
 -3.7344129E-04
 -5.2994775E-04
 -2.5703025E-03
 -9.5139155E-03
  6.8719480E-03
 -3.9696195E-03
 -4.3478869E-03
 -4.5186876E-05
 -2.1437681E-04
  1.2537478E-03
 -9.0364256E-04
 -1.2891303E-03
  1.3494866E-03
  2.1802105E-03
  5.6520267E-03
  5.8250930E-03
  2.7510680E-03
 -1.8173455E-04
 -1.8504428E-04
 -3.4611297E-03
 -2.3493390E-03
 -4.8557390E-03
 -4.2311018E-03
 -3.2043708E-03
 -1.9957901E-03
  1.5513314E-03
  2.5895026E-03
  4.2497185E-03
  5.1984461E-03
  5.9431870E-03
  8.0348784E-03
  9.1864746E-03
  4.3820231E-03
  2.1503547E-03
  3.0853071E-03
  5.6952797E-03
  3.1105438E-03
  7.0793023E-03
  6.1230734E-03
  4.7838669E-03
 -1.6716699E-03
 -4.4110725E-03
 -4.8148483E-03
 -2.2949835E-03
 -2.1317196E-03
 -2.5892688E-03
 -1.5331147E-03
 -4.5267629E-04
 -5.0393894E-04
 -9.8240888E-04
 -2.0109592E-03
 -2.4737257E-03
 -3.6940319E-03
 -4.8495815E-03
 -5.1806374E-03
 -6.6705700E-03
 -9.4121136E-03
 -6.6544744E-03
 -6.3627344E-03
 -2.0733397E-03
 -8.6968755E-03
 -1.0111102E-02
 -3.9937915E-03
 -4.3886686E-03
 -1.0101440E-03
  1.7648422E-04
  7.2414451E-04
  3.1167627E-04
 -2.2190786E-03
 -3.7501960E-03
 -3.0048606E-03
 -2.0290150E-03
 -4.2127143E-03
 -4.2862687E-03
 -5.7214559E-03
 -6.2904591E-03
  6.9337967E-03
  2.1497023E-03
  1.8957811E-03
  1.7224093E-03
  6.4374565E-04
  1.0250702E-03
 -1.3831625E-04
  1.5522655E-04
  1.8292716E-03
  1.8006334E-03
  3.1766030E-03
  6.6747162E-03
  6.0797976E-03
  3.5333883E-03
 -1.1912748E-03
 -2.1191419E-03
  2.5006223E-03
  4.0166695E-03
  8.4111636E-04
  1.9308964E-03
  1.7034090E-03
  3.1158954E-04
  5.6372548E-04
  1.0020625E-02
  4.8693130E-03
  4.6093510E-03
  2.9436441E-03
  1.7816987E-03
 -9.5353875E-04
 -2.6639234E-03
 -1.8320783E-03
  1.9146241E-03
  1.5799993E-03
  3.9055704E-03
  2.7002115E-03
  6.8972853E-04
 -3.0056590E-03
 -6.9327494E-03
 -8.5143661E-03
 -2.7726854E-03
 -9.3927630E-04
 -2.2458034E-03
 -2.6362403E-03
 -1.5660722E-03
 -8.4901694E-04
 -2.7396987E-04
 -4.4438657E-03
 -8.6633367E-03
 -1.3973027E-02
 -1.7983528E-02
 -1.6161565E-02
 -1.2393580E-02
 -1.4007804E-02
 -7.4567799E-03
 -4.9873120E-03
 -3.1705317E-03
 -5.0481586E-03
 -1.2682806E-02
 -6.5745995E-03
 -2.0458342E-03
 -9.5164380E-04
  4.6508558E-04
  1.2569138E-03
  2.9319245E-03
 -1.2883607E-04
 -5.6743552E-03
 -5.0032055E-03
 -3.5916814E-03
 -7.0553492E-03
 -5.6397896E-03
  4.6937764E-03
  1.6063819E-02
  4.1728452E-02
  1.0444786E-02
  6.4052739E-03
  3.1756333E-03
 -1.3419944E-04
  1.5336114E-03
  3.2356784E-03
  1.2405709E-03
  2.4408773E-03
  3.1824084E-03
  1.5418944E-03
  2.9910402E-03
  8.3413599E-03
  7.1582934E-03
 -1.7234414E-03
 -3.8098206E-05
  5.7009929E-03
  6.3993149E-03
  1.1356072E-02
  3.8822060E-03
  7.5560752E-03
  8.6313719E-03
  6.7681060E-03
  7.8584747E-03
  2.9441868E-03
  2.2559883E-03
 -1.6858283E-03
 -5.4069581E-03
 -5.5393944E-03
 -4.9369088E-03
 -4.1490253E-03
 -2.0475893E-03
 -1.8944343E-03
 -1.5734512E-03
 -1.5941990E-03
 -2.2052347E-03
 -3.0499904E-03
 -5.3209099E-03
 -5.6646205E-03
 -2.2483466E-03
 -2.6782896E-04
 -7.6064438E-04
 -1.8904468E-03
 -3.9604991E-03
 -4.3130610E-03
 -2.1768431E-03
 -2.4551973E-03
 -9.6737156E-03
 -1.2981753E-02
 -1.8263249E-02
 -1.6364226E-02
 -6.7563523E-03
 -3.2147474E-03
 -9.1391364E-03
  1.7968846E-03
 -1.9882380E-03
 -5.8459830E-03
 -9.3122981E-03
 -5.2923085E-03
 -2.2519422E-03
 -1.4609760E-03
 -9.3955960E-04
 -5.3882209E-04
  7.8980468E-04
  1.5802344E-03
  2.1223888E-04
 -2.0036583E-04
  4.0982356E-03
 -1.5234527E-04
  1.9426142E-03
  6.0094944E-03
  1.1736053E-02
  1.2110103E-02
  9.9890018E-03
  5.8063935E-03
  1.6767386E-03
  4.2183019E-04
  4.3029254E-03
 -8.2327137E-03
  7.6521671E-04
  1.7054733E-03
  5.3696278E-03
  7.1952632E-04
  1.7459367E-03
  3.0334333E-03
  5.5000000E-02
  9.7712642E-04
  6.6241114E-03
  7.3077991E-03
  2.0893705E-03
  2.0878270E-02
  7.5589443E-05
  1.3779552E-02
  1.7952519E-02
  1.0966413E-02
  4.7451900E-03
  5.5053392E-03
 -1.3320855E-04
 -4.6685440E-03
 -5.1386720E-03
 -5.5786129E-03
 -4.6140645E-03
 -3.6132711E-03
 -2.9100359E-03
 -2.0354681E-03
 -1.8542145E-03
 -1.1490780E-03
 -1.0674382E-03
 -1.4136789E-03
 -1.7325860E-03
 -1.7158185E-03
 -1.4089631E-03
 -6.7685044E-04
 -7.0955552E-04
 -1.0914163E-03
 -2.6026941E-03
 -2.9286072E-03
 -2.8195849E-03
 -2.9384177E-03
 -5.8574136E-03
 -7.9077343E-03
 -1.2264009E-02
 -1.1550272E-02
 -7.5157839E-03
 -2.3922967E-03
 -1.2918185E-02
  2.1537885E-03
  9.6205325E-04
 -3.2483260E-03
 -3.2430207E-03
 -2.2705754E-03
 -1.6944202E-03
 -1.1819535E-03
 -8.9304749E-04
 -7.1961677E-04
 -4.6895249E-04
  1.6223596E-04
  3.8271083E-04
  5.8270921E-04
  4.2330073E-03
  7.7836583E-03
  3.7333644E-03
  5.4506315E-03
  5.4149828E-03
  4.2320932E-03
  4.3157726E-03
  2.1144319E-03
  6.1317184E-04
  9.4031112E-04
  1.0329690E-03
 -1.3841323E-03
 -3.6545360E-04
  4.1417655E-04
  3.3037742E-03
  5.3904718E-03
  3.5717343E-03
  2.0590436E-03
  3.9796427E-02
  2.2467950E-03
  5.6517366E-03
  3.1408079E-03
  2.4515718E-02
  1.5575140E-02
  2.2630186E-03
  7.6174322E-03
  1.4234974E-02
  1.1903386E-02
  4.7809817E-03
  7.0330831E-03
 -2.4830562E-04
 -4.6903859E-03
 -3.5057345E-03
 -4.5633540E-03
 -5.4468880E-03
 -3.4108430E-03
 -3.5514724E-03
 -2.2628740E-03
 -1.9464208E-03
 -1.0804120E-03
 -4.0581464E-04
 -4.1783944E-04
 -4.6030222E-04
 -7.9656095E-04
 -1.4671494E-03
 -6.5486686E-04
 -5.2479509E-04
 -6.4565637E-04
 -1.2315612E-03
 -1.1594448E-03
 -6.2492088E-04
 -1.5675074E-03
 -3.0623816E-03
 -5.4161390E-03
 -7.6614125E-03
  2.4498261E-03
  5.5303294E-03
 -2.9807561E-03
 -1.5951876E-02
  1.5686412E-03
  2.3783457E-03
  4.0408209E-04
 -1.2686515E-03
 -1.0632767E-03
 -1.1259300E-03
 -9.4771211E-04
 -7.4204791E-04
 -4.6550046E-04
 -2.3948970E-04
  4.5659071E-05
  1.7392085E-04
  1.9366118E-04
  2.3035370E-03
  7.8039621E-03
  3.3172956E-03
  4.4165207E-03
  1.3120448E-03
  1.1289057E-03
  7.2127361E-05
  5.4446177E-04
  2.6743696E-04
  6.4183550E-04
  1.2286568E-04
  6.6103897E-04
  5.8716012E-04
  1.1977593E-04
 -3.3881978E-04
  2.8437537E-03
  4.6516489E-03
  1.4883976E-02
  1.0726216E-02
  1.2904417E-02
 -2.4926190E-03
  3.6326391E-03
  1.4093139E-02
 -2.3671277E-03
  1.0413780E-03
  9.5254984E-03
  4.5137862E-03
  4.7981553E-03
 -5.2951637E-04
  9.6214307E-04
 -1.2717500E-03
 -4.0657469E-03
 -5.7201134E-03
 -5.9337593E-03
 -8.6871479E-03
 -4.6332115E-03
 -2.5375511E-03
 -2.2146490E-03
 -2.6255974E-03
 -1.9757561E-03
 -1.1017551E-03
 -2.8827530E-04
  3.1968550E-04
 -1.0346734E-04
 -5.8523421E-03
 -6.0011278E-04
 -4.3456547E-04
 -4.9326068E-04
 -7.2055298E-04
 -6.4528850E-04
 -1.4060452E-04
 -6.5797084E-04
 -1.8907884E-03
 -5.3911558E-03
  3.0729736E-03
  5.7517276E-03
  7.4068871E-03
 -5.3215114E-04
  1.6490360E-03
  4.1396017E-04
  2.2657153E-03
  5.0247959E-03
  1.2053684E-03
 -1.9735277E-04
 -5.6226604E-04
 -7.4454700E-04
 -5.2685465E-04
 -3.6757332E-04
 -2.7031236E-04
 -1.1799731E-04
 -1.3099041E-05
  2.9914600E-05
  1.2756959E-03
  2.7635929E-03
  1.5809651E-03
  3.1271894E-03
  1.1001376E-03
  1.8571893E-05
 -1.8714486E-04
 -1.9008674E-04
 -7.8586367E-05
 -5.8258654E-05
 -2.4681151E-05
 -1.9945836E-04
  5.1722956E-05
  4.4365264E-05
 -1.7156266E-04
  1.3067893E-03
  1.8925809E-03
  2.8532205E-02
  6.7634052E-03
  1.3113229E-02
 -3.9602229E-03
  1.0593018E-02
 -3.4786481E-03
 -1.3160139E-03
  4.5360811E-03
  4.6408237E-03
  7.7990111E-04
 -2.4453984E-04
 -2.0066055E-03
 -2.7091650E-03
 -2.9823454E-03
 -3.7515741E-03
 -3.6385115E-03
 -4.4908086E-03
 -5.3605288E-03
 -2.6775962E-03
  3.6507696E-04
 -1.6319714E-03
 -2.8991869E-03
 -2.5276674E-03
 -2.2192318E-03
 -4.5276925E-04
  7.8577379E-04
 -4.9933727E-04
 -1.0429869E-03
 -1.0709252E-03
 -7.2055875E-04
 -3.8877680E-04
 -8.3122414E-04
 -6.6386774E-04
 -1.8717663E-04
 -5.0500600E-04
 -1.7015950E-03
 -3.3420301E-03
  9.9880248E-04
  9.3323160E-03
  1.6096911E-03
 -8.2017219E-04
  5.2106818E-03
  3.9669932E-03
  5.9902691E-04
  2.3079899E-03
  1.9919674E-03
 -5.7932572E-04
 -4.2321309E-04
 -7.3867739E-04
 -3.6908302E-04
 -4.8051990E-04
 -5.7769241E-04
 -5.2066374E-04
 -2.8367259E-04
 -8.7490080E-05
 -4.7933037E-04
  5.9327792E-04
  9.1312941E-05
  6.4859138E-04
  5.1394367E-04
 -8.8353489E-05
 -1.1340143E-04
 -8.7161483E-05
 -4.3525150E-05
 -4.5297471E-05
  1.8359509E-07
 -4.7161830E-05
 -3.0514591E-05
 -4.9908132E-05
  4.4592752E-04
  3.2384324E-04
  2.9424479E-04
  3.5778675E-04
  3.3533755E-03
  5.6584356E-03
  1.8537244E-03
  2.8983064E-04
  5.1755896E-03
  5.9616282E-03
 -3.0687016E-03
  5.7467946E-04
  3.6995043E-03
  7.4377274E-03
 -3.9396225E-03
 -4.5869490E-03
 -4.2354767E-03
 -3.3901774E-03
 -1.6169663E-03
  6.8863761E-04
 -2.1592129E-03
 -9.3178346E-04
  1.2585558E-03
 -1.0362278E-03
 -1.7826823E-03
 -7.9925131E-04
 -9.9100277E-04
  5.1907446E-05
  1.5684076E-04
  1.4735284E-04
 -4.4751583E-04
 -4.5419429E-04
 -6.7809119E-04
 -8.0012012E-04
 -1.1879652E-03
 -1.1025744E-03
 -7.0361671E-04
 -4.6705981E-04
 -1.1362669E-03
 -9.7262993E-04
 -4.5320709E-04
  5.6183613E-03
  3.5829898E-03
 -2.1801514E-03
 -1.6261428E-03
  9.2176290E-04
 -1.4139438E-03
  1.2905283E-03
  2.0148836E-03
  3.9079002E-04
 -3.9213296E-04
 -5.3544546E-04
 -6.6780206E-04
 -3.4324676E-04
 -3.0961330E-04
 -3.7855597E-04
 -3.6316103E-04
 -1.1303843E-04
 -1.1004855E-04
  2.9683861E-04
  5.0080713E-04
 -4.4546443E-05
  1.4063767E-04
  9.6212170E-06
 -5.0124431E-06
 -1.6537176E-06
 -1.4890680E-06
  3.5332916E-06
 -1.6212288E-06
 -1.0859872E-05
 -2.7336710E-06
 -5.7186400E-05
  2.3608009E-04
 -5.1092247E-05
  1.7566084E-03
  1.1877810E-03
  3.0395512E-03
  1.6477320E-02
  2.3460058E-03
  3.3786239E-03
  1.4030815E-02
  5.2452190E-03
  8.3465117E-04
  5.1138806E-04
  4.4615632E-03
 -2.8545605E-03
 -5.1862067E-03
 -6.0942471E-03
 -6.5390300E-03
 -4.3207207E-03
 -1.5262950E-03
  4.4890670E-03
  2.8343261E-03
  1.4087335E-03
  9.3312713E-04
 -1.1730889E-03
  6.0813294E-05
  1.0804646E-03
  7.3140411E-04
  6.2004279E-04
  3.8322242E-04
 -3.1823118E-05
 -2.3143455E-04
 -1.4062852E-04
 -3.4074573E-04
 -3.4895507E-04
 -4.6787946E-04
 -8.4838440E-04
 -1.0421247E-03
 -4.2198264E-04
 -1.0751310E-03
 -1.8311411E-03
 -2.2723824E-03
  2.5919550E-03
  1.0279500E-02
  2.0695862E-04
  3.0763142E-04
  5.5679487E-04
 -1.6663211E-03
 -1.2701412E-03
 -7.2488474E-04
  2.3220775E-04
 -6.5688291E-05
 -7.8278122E-04
 -8.8957261E-04
 -2.2091172E-04
 -1.4604798E-04
 -2.0497554E-04
 -2.0690828E-04
 -2.2338433E-04
 -8.5445507E-05
  8.6246328E-05
  3.0472368E-04
 -8.0703852E-05
 -2.8233457E-05
 -8.6437785E-06
 -8.9041978E-06
 -2.9423362E-08
  2.7135818E-07
  4.0391248E-07
 -6.3085745E-06
 -7.8145158E-06
 -5.7931524E-05
 -1.5153919E-04
 -7.8250705E-05
 -1.2044304E-04
  1.6706457E-03
  4.6835919E-03
  4.9944473E-03
  1.9932026E-02
  3.3937902E-03
  6.8528624E-03
  4.6999613E-03
  4.0221591E-03
  1.4799980E-02
  7.0159608E-03
  8.0934726E-03
  1.1892283E-03
 -2.7484247E-03
 -2.2649199E-03
 -6.7578005E-03
 -5.3252289E-03
 -1.1782246E-03
  4.4727349E-03
  4.1895146E-03
  2.0113057E-03
  1.7452231E-04
 -1.0849267E-03
  1.8042085E-05
  7.5165002E-04
  4.4779372E-04
  3.0340700E-04
  9.1594547E-06
 -2.5103701E-04
 -3.1286172E-04
 -1.8175246E-04
 -4.3041605E-04
 -3.8172730E-04
 -2.1073720E-04
 -2.7346698E-04
 -7.5109059E-04
 -4.0684547E-04
 -8.5900392E-04
 -1.1399643E-03
 -8.3894876E-04
  2.0192498E-03
  9.7003672E-03
  1.9764181E-03
  2.6847518E-03
  3.8427869E-03
 -2.3977375E-03
 -3.6464212E-03
 -3.1452777E-03
 -1.1363022E-03
 -4.8838824E-04
 -9.0679695E-04
 -9.1180741E-04
 -4.7871834E-04
 -3.2950233E-04
 -2.6053589E-04
 -3.5720208E-04
 -2.1721909E-04
 -2.8683798E-04
  7.3057578E-05
 -1.0349955E-04
 -1.9482974E-04
 -1.6973738E-04
 -8.5775391E-05
 -1.9480618E-04
 -1.8652721E-04
 -3.6341808E-04
 -1.7211928E-04
 -1.2792449E-04
 -4.7103491E-05
 -2.4038473E-04
 -1.0477170E-04
  2.4226263E-05
  6.4601591E-05
  1.3148602E-03
  5.1154951E-03
  4.6662181E-03
 -2.0070771E-04
  1.6799404E-03
  5.2256281E-03
  3.4477462E-03
  2.5229757E-03
  2.3515979E-03
  1.1498461E-02
  2.2742471E-02
  1.7381720E-02
  1.5022111E-03
  2.1478354E-03
 -4.2657423E-04
 -3.4364881E-03
 -7.8971952E-04
  1.8335007E-03
  2.1304053E-03
  4.8541400E-04
 -1.8605222E-03
 -2.3549239E-03
 -1.1866223E-03
 -6.0993322E-04
 -1.0342315E-03
 -1.0578956E-03
 -6.2669488E-04
 -2.7359661E-04
 -4.1344145E-04
 -3.3229802E-04
 -3.0583228E-04
 -3.5884656E-04
 -2.0058519E-04
 -4.1274203E-04
 -4.8443311E-04
 -2.8085620E-05
 -2.6094756E-04
  4.4749657E-05
  1.0570271E-03
 -4.7665436E-04
  1.6303599E-03
  8.9702423E-04
  4.3962365E-03
  5.5369316E-03
  1.3740170E-03
 -3.3045060E-03
 -3.4823306E-03
 -3.0560324E-03
 -1.8871969E-03
 -1.5840619E-03
 -1.0653718E-03
 -7.5953774E-04
 -5.2769994E-04
 -4.3346881E-04
 -4.6102810E-04
 -4.3831873E-04
 -4.8691349E-04
 -1.2290382E-04
 -6.8449306E-05
 -3.9231256E-04
 -4.9554248E-04
 -3.6097752E-04
 -4.9631763E-04
 -4.6489955E-04
 -5.7439221E-04
  1.5585201E-03
  8.2946477E-05
  4.6803273E-04
 -6.2983832E-05
  9.6503861E-04
  3.6325472E-04
 -1.0810705E-04
  9.4653951E-04
  3.1091963E-04
  1.2111157E-03
 -1.5536283E-05
  9.3876797E-04
  1.0614545E-03
  3.6619935E-04
 -1.6738441E-04
 -7.7541743E-04
  2.1278374E-03
  6.2466338E-03
  2.7764291E-02
  1.1795833E-02
  3.7119107E-03
  2.9826518E-03
  5.3833965E-03
  9.7949605E-04
  1.2313856E-03
  1.7046918E-03
 -3.1297319E-04
 -3.2945643E-03
 -5.5547021E-03
 -3.8878657E-03
 -2.4286278E-03
 -1.8421590E-03
 -2.1428568E-03
 -1.3240848E-03
 -4.7911680E-04
 -4.1479987E-04
 -4.0905148E-04
 -3.5835273E-04
 -3.5943443E-04
 -2.8034262E-04
 -3.4597464E-04
 -4.4046406E-04
  3.1518870E-05
 -3.8088058E-04
 -7.2899048E-04
 -9.0403722E-05
  1.9959296E-05
  3.8430790E-04
  3.7900505E-03
  1.3967372E-03
  2.1465186E-03
  2.0494894E-03
 -2.4180036E-04
 -1.8520465E-03
 -3.9615342E-03
 -3.9463537E-03
 -2.4559218E-03
 -1.6464179E-03
 -1.1867371E-03
 -8.4526429E-04
 -5.6314218E-04
 -4.6047664E-04
 -4.6478494E-04
 -3.4551480E-04
 -1.3805043E-04
 -2.1997614E-04
  3.3884565E-04
 -8.0552185E-04
 -2.9721865E-04
 -7.9662015E-04
 -6.3918397E-04
 -4.1976818E-04
  1.1497709E-03
  7.8465597E-04
  3.0763398E-03
  2.5787510E-03
  8.2248671E-04
  4.5002551E-05
  2.6306494E-03
  2.3213371E-03
  1.1018162E-04
  2.3981433E-04
  1.9812917E-03
  6.0818798E-04
 -4.5622778E-04
 -6.7850482E-04
 -4.5311937E-04
 -1.4942605E-03
 -4.7323515E-04
  2.1827016E-03
  1.3764116E-02
  2.5713481E-02
  3.3215121E-03
 -2.1101949E-03
  8.9662354E-03
  1.4395345E-03
  9.4300567E-04
  1.6058105E-03
  1.0620774E-03
 -1.0573560E-03
 -5.7846000E-03
 -7.3346714E-03
 -4.8334892E-03
 -3.8937067E-03
 -3.0073449E-03
 -2.0554482E-03
 -9.5519028E-04
 -7.9392461E-04
 -8.4709970E-04
 -8.1423204E-04
 -6.9649972E-04
 -5.2335905E-04
 -3.9815358E-04
 -4.6834300E-04
 -8.4227664E-05
 -1.0581094E-04
 -9.9168753E-04
 -7.5300498E-04
 -8.9659565E-04
 -8.5511938E-04
  5.0800960E-03
 -4.1182630E-04
 -3.2066205E-03
 -4.3611764E-04
  7.3554758E-05
 -1.4421325E-04
 -2.5490006E-03
 -3.4938313E-03
 -3.2812415E-03
 -2.3902853E-03
 -1.4643230E-03
 -1.0235837E-03
 -5.1837211E-04
 -3.0452013E-04
 -2.6824963E-04
 -2.5494589E-04
 -5.9236754E-05
 -6.5918989E-04
 -6.0244754E-04
 -6.5186201E-04
 -8.5271761E-04
 -9.1111247E-04
 -5.0961977E-04
 -9.6442556E-04
 -4.8834988E-04
 -4.5962085E-04
 -1.2051946E-03
 -5.9253041E-04
 -3.4164404E-04
 -1.7556185E-05
  2.3708823E-03
  1.1021253E-03
  1.7777005E-04
  3.8220530E-04
  1.9789345E-03
  6.6637708E-04
  8.0785021E-04
 -9.5553225E-04
  1.3389194E-03
  1.0130054E-03
  3.3882278E-04
  3.0939470E-04
  4.3175863E-03
  1.6036507E-02
  4.8025073E-03
  8.0187069E-03
  2.0057580E-03
  7.1072747E-04
 -4.0092840E-04
  7.9454540E-04
  1.6434935E-03
  1.3331318E-03
 -1.0520676E-03
 -4.6855807E-03
 -6.1338269E-03
 -5.2828137E-03
 -3.2864509E-03
 -2.1342013E-03
 -1.7900470E-03
 -1.6241564E-03
 -1.5643740E-03
 -1.3249582E-03
 -1.1214557E-03
 -1.0015712E-03
 -9.2007831E-04
 -8.7317196E-04
 -7.4126484E-04
 -3.5957256E-04
 -7.6234661E-04
 -1.3621553E-03
 -2.0064896E-03
 -1.2029513E-03
  2.4288124E-03
  1.5162295E-03
 -1.1342527E-04
  2.1194031E-03
  3.6510345E-04
 -6.4791838E-04
 -1.5161465E-03
 -2.1860232E-03
 -2.5492776E-03
 -2.6048496E-03
 -1.4767075E-03
 -5.6522671E-04
 -9.6223470E-05
 -4.8461552E-05
  1.4932652E-05
  9.6215110E-05
  2.6391711E-04
 -8.9740037E-04
 -1.6060665E-03
  4.2563365E-04
 -8.2893332E-04
 -4.5454814E-04
 -1.8420685E-03
  4.1762870E-04
 -1.6789273E-03
 -1.1635274E-03
 -2.0509702E-03
 -1.6641458E-03
 -6.5863755E-04
 -5.7470478E-04
  9.4618968E-04
  1.4300091E-03
  1.4559891E-03
  7.3474430E-04
  1.7745841E-03
  2.4809844E-03
 -3.1723175E-05
 -1.2117099E-03
 -1.1185304E-03
  6.1865052E-04
  3.8496417E-03
  3.6958919E-03
  1.1160061E-03
 -1.0514468E-03
  1.5518449E-03
  5.6688171E-03
  1.5980817E-03
 -4.8251459E-04
 -7.9299603E-04
  3.9262039E-04
  1.0253267E-03
  1.2284319E-03
  6.0251355E-04
 -4.1284502E-04
 -2.3708669E-03
 -3.0051242E-03
 -1.4381406E-03
 -1.4958325E-03
 -1.8771706E-03
 -1.7504956E-03
 -1.4408130E-03
 -1.1870606E-03
 -1.3082357E-03
 -1.1476515E-03
 -1.2699752E-03
 -1.2871829E-03
 -8.0553535E-04
 -1.1755293E-03
 -1.5870589E-03
 -1.4287845E-03
 -1.6412889E-03
 -8.3168241E-04
 -1.7887955E-03
  6.5645174E-04
 -2.9255741E-04
  1.2514492E-05
  1.0950406E-03
 -2.4188601E-04
 -1.5977232E-03
 -1.3726995E-03
 -1.8709106E-03
 -2.2785745E-03
 -1.4167875E-03
 -6.9753232E-04
  3.8610498E-05
  2.0848023E-04
  2.8552476E-04
  3.0019510E-04
  3.1732459E-04
  4.4911681E-04
  5.3382304E-05
  1.0002148E-03
  2.5328231E-04
 -8.3067879E-04
 -1.8775754E-03
  5.2405096E-04
 -2.9889694E-03
 -2.4148659E-03
 -1.7292057E-03
 -8.5469097E-04
  3.2559893E-04
 -1.4157698E-04
  2.5341008E-03
  2.5052862E-04
  2.5391767E-03
  3.4209834E-03
  2.1793609E-03
  1.8996171E-03
 -1.9364335E-04
 -1.1431238E-03
 -5.6041725E-04
 -5.8696332E-05
  1.0549305E-03
 -4.2790742E-04
  5.5937504E-04
 -2.5859931E-03
 -1.1976670E-03
 -6.8951567E-04
  5.4416427E-04
  2.2482865E-03
 -2.9971532E-04
  5.4193137E-04
  5.3226860E-04
  5.0466083E-04
  2.5625847E-04
  4.4597001E-04
  1.6329272E-04
 -4.7060792E-04
 -4.9882906E-04
 -1.0168898E-03
 -1.2530385E-03
 -1.0690284E-03
 -7.8866765E-04
 -8.5581210E-04
 -1.0424005E-03
 -9.4664295E-04
 -1.5376823E-03
 -8.3101483E-04
 -1.2350499E-03
 -9.3468017E-04
 -1.2200715E-03
 -2.2743719E-03
 -1.4778080E-03
  2.9784566E-04
 -1.3089332E-03
 -2.4872757E-03
 -2.7295144E-03
 -3.1229327E-03
 -3.7074345E-03
 -3.7804428E-03
 -2.9041017E-03
 -1.9679065E-03
 -1.1830833E-03
 -1.2274371E-03
 -1.1798480E-03
 -7.8264734E-04
 -2.7853198E-04
 -4.8910922E-05
  1.9372870E-04
  1.1928883E-04
  8.3519684E-05
  1.5052510E-03
  2.2116264E-03
  2.0199744E-03
  1.5576750E-03
  1.0423587E-03
  9.9448091E-04
  2.6911420E-03
 -7.9044059E-04
 -2.2938251E-03
 -1.8891514E-03
 -1.8621240E-03
 -6.7736633E-04
  1.9399970E-03
  4.6682479E-03
  1.6283724E-03
  8.0597983E-04
  2.8253889E-03
  2.0738766E-03
  6.1789621E-04
  2.3412129E-03
 -3.1716202E-04
  5.9044380E-03
  6.9600355E-04
 -1.2176511E-03
 -4.7295266E-03
 -4.3536405E-04
 -2.1133292E-04
  8.0704311E-04
  1.1971509E-03
  2.4216869E-03
  1.5168998E-03
  7.5384691E-05
  3.7289851E-03
  3.5343473E-03
 -3.4024441E-04
 -4.6549034E-05
  2.0752562E-04
  3.4921066E-04
 -1.3116629E-04
 -7.5821573E-04
 -8.7952206E-04
 -5.2875496E-04
 -5.8322295E-04
 -4.6849271E-04
 -5.4431951E-04
 -3.7618552E-04
 -6.0778641E-04
 -1.9894517E-03
 -1.3607118E-03
 -2.2112031E-03
 -3.3578130E-03
 -2.7922329E-03
 -3.1230333E-03
 -9.0489333E-04
 -4.4641498E-04
  3.6756624E-04
 -8.4966992E-04
 -7.0846529E-04
 -2.2797601E-03
 -3.5749855E-03
 -3.2399066E-03
 -3.1898201E-03
 -1.3579067E-03
 -8.7343366E-04
 -6.4827909E-04
 -9.5672120E-04
 -7.1104977E-04
 -6.2825839E-04
 -4.0173990E-04
 -2.3752992E-04
 -2.5262145E-04
 -3.4663532E-04
  8.5672280E-03
  2.4361911E-03
  1.2855098E-03
  9.3580625E-04
  2.1155761E-03
  2.5556285E-03
  1.5514699E-03
  1.6746891E-03
  1.2682306E-03
 -5.5849872E-04
 -1.2509882E-03
  1.6128642E-03
  3.5979659E-03
  3.2184806E-03
  1.2801844E-03
  3.8710597E-03
  4.1343453E-03
  1.6244466E-03
  6.0062396E-04
  1.8805427E-03
  1.7686937E-03
  8.8608563E-03
  8.2411506E-04
 -1.6427541E-03
 -3.8138102E-03
 -1.5957222E-03
  5.4469134E-04
  4.5290208E-04
  2.8316732E-03
  3.2584437E-03
  4.7867405E-04
  6.2227766E-05
  1.6969956E-03
  4.7578383E-03
 -9.8824897E-04
 -4.5891607E-04
 -4.4304627E-04
 -4.8191837E-04
 -7.4598042E-04
 -8.6849369E-04
 -8.1479608E-04
 -8.8269869E-04
 -6.9660891E-04
 -4.6269520E-04
 -4.1855377E-04
 -2.8438552E-04
  7.7215920E-04
 -4.4205412E-04
 -3.8927705E-05
 -1.1333402E-03
 -3.2798552E-03
 -2.4899158E-03
 -2.4513891E-03
 -2.5712000E-03
 -1.5571396E-03
 -2.5463914E-03
 -3.0156135E-04
 -8.3599880E-04
 -7.6449988E-04
 -1.3504092E-03
 -1.7457248E-03
 -1.8081332E-03
 -7.9897314E-04
 -9.6809585E-04
 -1.1131433E-03
 -8.4498676E-04
 -4.4650625E-04
 -5.0498307E-04
 -8.6364412E-04
 -6.5311795E-04
 -4.6022952E-04
  5.3760933E-04
  4.1677174E-03
  9.7691221E-04
  2.8900005E-04
  3.3122175E-03
  3.8062634E-03
 -8.5792286E-05
 -9.2984817E-05
  1.9064557E-03
  5.7863705E-03
 -7.5708213E-04
 -1.5355936E-03
 -4.2024101E-04
  5.7575031E-04
  9.5118041E-04
 -1.2468221E-03
  2.2400594E-03
  6.9087609E-03
  8.7255947E-03
  1.3503541E-03
  1.9075101E-03
  2.1780159E-03
  5.2410509E-03
  1.6344850E-03
 -1.9335454E-04
 -2.2178080E-03
 -1.2496863E-03
 -1.9100445E-03
 -1.1206083E-03
  2.8735682E-04
  1.0145912E-03
  2.6835571E-03
 -8.0224953E-04
 -1.4874353E-03
  5.3433329E-04
 -4.7259394E-04
 -1.0756836E-03
 -8.9784275E-04
 -8.3332317E-04
 -5.4383336E-04
 -4.1023319E-04
 -8.1725384E-04
  1.9066687E-03
  5.5663702E-05
 -8.0488465E-04
 -3.7100783E-04
  2.8511756E-03
  4.8930361E-03
  1.1361279E-03
 -1.8063429E-03
 -2.1859568E-03
 -1.9368021E-03
 -1.2888745E-03
 -1.3484687E-05
 -1.0661125E-03
 -1.7077944E-03
 -1.3926154E-03
 -9.2148688E-04
 -1.1071457E-03
 -4.3002641E-05
  9.5246633E-04
  2.0693277E-03
 -4.5835052E-04
 -6.3740613E-04
 -6.4492837E-04
 -7.7113410E-04
 -6.9657917E-04
 -1.8874307E-04
 -2.2902660E-04
 -7.2048744E-04
 -6.9561461E-04
 -4.5807101E-04
 -2.3965319E-04
 -7.4970158E-04
  8.0515565E-05
 -6.2487856E-04
  4.3022661E-03
 -7.6174462E-04
 -2.8302558E-04
 -3.5692164E-04
  2.5059127E-03
  3.6598537E-03
 -1.2083824E-03
 -2.2202914E-03
 -6.8932641E-05
 -1.7516675E-03
 -1.1692299E-03
 -5.1999063E-04
 -1.7351126E-03
  1.4212847E-03
  4.9082795E-04
 -1.9465825E-04
 -3.1481861E-04
  1.7914077E-03
  3.6320412E-03
  2.3835241E-03
 -5.4390478E-04
 -4.2302403E-04
 -2.3913162E-03
 -1.4099013E-03
 -1.0468425E-03
 -6.3224550E-04
  1.0918534E-03
  1.9451316E-03
 -7.9326383E-05
 -5.5254798E-04
  3.3788892E-04
  3.8249320E-03
  4.2304946E-03
  3.2248849E-04
 -5.1622646E-04
 -2.0317174E-04
 -1.9730629E-05
  8.3869591E-04
  3.9402810E-03
  2.6900850E-03
  1.3927250E-03
  2.2345467E-03
  5.6737424E-03
  3.0053894E-03
  9.7273420E-05
 -2.8384898E-03
 -2.9295927E-03
 -1.2432813E-03
 -9.7175408E-04
  7.5883511E-04
  6.3769985E-04
 -8.0675917E-04
 -8.0595928E-04
 -1.1560956E-03
 -2.3957557E-05
 -8.2070110E-05
 -4.8339891E-05
  1.4727812E-03
 -3.3481669E-04
 -4.7345526E-04
 -2.1812604E-03
 -4.0029893E-03
 -1.8400313E-04
  4.1438627E-05
  2.7953961E-04
  2.6438338E-05
 -2.2695925E-04
 -1.5347351E-04
 -3.2177288E-04
  5.0806415E-05
 -3.7550490E-04
 -6.0605275E-04
 -1.3679443E-05
  1.7401996E-03
  1.3424937E-03
  1.1947927E-03
  1.5803283E-03
  2.6697328E-03
  5.8607609E-05
  9.1973365E-05
 -1.2268804E-03
 -2.3219159E-03
 -3.6820077E-04
 -4.2046825E-04
 -1.1192545E-03
 -5.9034582E-04
 -8.3794683E-04
 -4.6144376E-04
  5.1271934E-03
  3.2514863E-02
  1.9546656E-04
  1.3281127E-03
  6.2055490E-04
  2.9010835E-04
 -9.9767977E-04
 -8.7989471E-04
 -2.5295027E-04
  3.5491478E-04
  1.7074406E-03
  4.1353109E-04
  1.1951360E-03
  7.9953740E-04
  9.2641072E-04
  3.7635604E-03
  7.9352101E-03
 -3.3680760E-04
 -7.3846860E-04
  1.4174281E-03
  4.4763059E-04
  2.9338994E-03
  4.9149441E-03
  3.7741130E-03
  3.0769070E-03
 -3.6433846E-04
 -1.9147951E-03
 -4.5066437E-04
 -7.8070909E-04
 -1.4904930E-03
 -7.3244236E-04
 -3.7577298E-05
 -9.3511521E-04
 -5.3023563E-05
  2.2049932E-04
 -4.2666140E-04
  3.6039227E-04
  1.3734606E-03
 -2.8146934E-04
  8.8780542E-04
 -1.4134834E-04
  1.1364473E-04
 -4.6346572E-04
 -3.7139122E-04
 -2.2188271E-03
 -2.9170823E-03
 -1.4722125E-03
  1.6132346E-04
  5.4600759E-04
  5.2094751E-04
  1.0248182E-03
 -4.5558186E-03
  3.8619000E-06
 -2.0746124E-04
 -4.9415795E-04
 -7.5160019E-04
 -9.9545659E-04
 -1.0799700E-03
  3.1176072E-03
  2.6996569E-03
  8.3181902E-04
  6.4288382E-04
  1.2759852E-03
  2.7724769E-04
  4.3308106E-04
 -1.3101132E-03
 -1.0073232E-03
 -1.1149133E-03
 -1.0568701E-03
 -1.0189347E-03
  3.7649984E-04
  1.7765985E-04
  1.8062592E-03
  9.2328424E-03
  1.9422987E-03
  1.5447191E-03
  2.5798350E-03
 -1.0639852E-03
 -8.8695780E-04
 -1.1654318E-03
 -4.0038000E-04
 -4.3212227E-04
  1.5007604E-04
  1.4702461E-03
  2.2541615E-03
  1.3222622E-03
  1.0639527E-03
  2.6633781E-03
  9.4307732E-05
  1.8832387E-04
 -2.4787155E-03
 -9.1109821E-04
  1.6872456E-03
  4.6202610E-03
  3.8474002E-03
  3.3883934E-03
  1.7594249E-03
  4.3394664E-04
  5.0549704E-04
  2.2542612E-03
 -1.0135691E-03
  3.8030124E-04
  2.6500758E-04
  1.0653941E-04
  4.2202233E-04
  3.9100143E-04
 -1.9195676E-04
 -3.9081462E-04
  1.1104260E-03
  1.2019763E-03
  6.9894805E-04
  1.7373142E-04
 -5.3070852E-04
 -1.1929365E-04
 -3.8640280E-04
 -2.4336015E-04
 -2.0827954E-03
 -1.5728935E-03
 -1.5278843E-03
 -1.6148736E-03
  1.7265485E-04
  3.0830581E-04
  2.9396722E-03
 -2.6320475E-03
 -1.8237851E-04
 -4.1835185E-04
 -4.5580420E-04
 -5.3428707E-04
 -7.7524292E-04
 -9.0346416E-04
 -9.4249588E-04
  5.9115526E-04
 -1.1251501E-03
 -6.6384103E-04
 -3.5483195E-04
 -1.4061448E-03
  1.4310198E-04
  1.3934393E-04
 -1.0831115E-03
 -1.3318403E-03
 -1.2500831E-03
 -7.8043021E-04
 -1.5077730E-04
 -4.3045994E-04
 -9.0031017E-04
  1.9199802E-03
  4.1116663E-04
  6.5508392E-04
  8.2747702E-04
 -5.1412219E-04
 -6.6395540E-04
 -1.3350287E-03
 -7.1164453E-04
 -1.5518640E-03
 -1.3084519E-03
  4.1023752E-05
  4.0240347E-04
 -3.9253954E-04
  4.9851806E-05
  1.0113394E-03
 -1.7727562E-04
  2.1414922E-04
 -1.0279501E-03
 -6.8134029E-04
  1.6529359E-04
  1.3005498E-03
  3.8590040E-03
  4.0678517E-03
  3.2323224E-03
  1.1153372E-03
  9.5274544E-04
  2.1246895E-03
  3.5959919E-04
  1.4955378E-03
  4.8516851E-04
 -1.9519728E-05
  8.2841393E-04
  1.2238575E-03
  2.7494313E-04
 -6.8891898E-04
 -3.4708221E-04
  4.0991933E-04
  7.2659423E-05
 -4.6450764E-04
 -6.4730999E-04
 -1.4051971E-04
 -3.4206131E-04
 -6.0895580E-04
 -1.3302679E-03
 -1.6159464E-03
 -9.3598559E-04
 -1.2092075E-03
 -9.0702472E-04
 -3.4806281E-04
 -2.6114896E-04
 -1.2640272E-04
 -4.5064959E-04
 -4.8451361E-04
 -4.8343543E-04
 -4.5353966E-04
 -4.9661502E-04
 -7.1148132E-04
 -9.7377831E-04
 -8.3945063E-04
 -1.3692268E-03
 -1.2384073E-03
 -1.2809145E-03
 -1.2388139E-03
 -1.4041729E-03
 -1.0213939E-03
 -1.2160074E-03
 -1.0929728E-03
 -1.1309370E-03
 -1.0033485E-03
  7.4467645E-04
  1.2850106E-03
  2.6591262E-04
 -9.0109308E-05
 -5.9453031E-04
 -3.9365530E-04
 -4.9283734E-04
 -1.0319935E-03
 -1.1722950E-03
 -1.3791039E-03
 -1.5186050E-03
 -1.6117109E-03
 -1.5236050E-03
 -9.1263634E-04
 -5.0621247E-04
 -4.9227959E-04
 -1.0192020E-04
 -9.5877396E-05
  1.3006915E-04
  3.5663692E-05
 -3.3804531E-06
  5.1143739E-05
  7.1916380E-05
 -1.7344995E-05
  1.4367773E-03
  1.5640941E-03
  1.2169385E-03
  2.3675743E-04
  3.5349885E-04
  2.1941222E-04
  3.7152949E-04
 -1.2127334E-04
 -3.0343031E-04
 -3.3700094E-04
  3.0123739E-04
  8.8399416E-04
  1.1814692E-03
  1.4945741E-04
  8.0625512E-05
 -1.8155354E-04
  1.5640272E-04
  2.5677794E-04
  1.0622419E-04
 -1.0476106E-04
 -4.8940128E-04
 -7.5396366E-04
 -1.1086379E-03
 -1.4750843E-03
 -1.4337759E-03
 -1.1043889E-03
 -9.5198554E-04
 -8.7535550E-04
 -4.5650970E-04
 -5.1304960E-04
 -5.4334459E-04
 -4.9824553E-04
 -5.3835014E-04
 -4.4540351E-04
 -4.7844308E-04
 -6.4915506E-04
 -7.5654499E-04
 -8.5174711E-04
 -8.7886455E-04
 -8.5036567E-04
 -1.0045076E-03
 -1.0959848E-03
 -1.2657419E-03
 -1.5012665E-03
 -7.4696238E-04
 -1.0494372E-03
 -1.2183667E-03
 -1.1181815E-03
 -6.1464333E-04
 -5.6450506E-04
  5.4534967E-04
  3.3868483E-04
 -4.9680227E-04
 -7.4162596E-04
 -6.9945608E-04
 -8.6369930E-04
 -8.9169235E-04
 -1.1262648E-03
 -1.0445946E-03
 -7.1026670E-04
 -1.0657011E-03
 -7.9824461E-04
 -3.6190974E-04
 -1.6567265E-04
  1.3515742E-05
  1.9632158E-04
  2.7744047E-04
  3.3463206E-04
  3.1277310E-04
  3.3931236E-04
  2.7649518E-04
  1.9666989E-04
  7.8314166E-05
  5.4706248E-05
  1.2334871E-04
  1.8538517E-04
  1.3995911E-04
  4.3383502E-06
 -1.2007777E-04
 -1.5947869E-04
 -6.4976470E-05
  2.1385511E-04
  2.5987317E-04
  3.3379975E-04
  5.6190381E-04
  6.0334755E-04
  9.2860323E-04
  3.7494945E-04
  5.2060722E-04
  3.2740756E-04
  2.0217050E-05
  3.3311427E-04
 -5.8078038E-04
 -6.7348121E-04
 -7.9895201E-04
 -1.0469530E-03
 -1.1780428E-03
 -1.1042563E-03
 -8.8146568E-04
 -9.9192385E-04
 -8.2407612E-04
 -6.2493008E-04
 -7.0012925E-04
 -7.0924894E-04
 -6.1477919E-04
 -6.4503512E-04
 -6.8926933E-04
  6.1220482E-05
 -9.3700062E-04
 -1.2138553E-03
 -1.1061460E-03
 -8.2151097E-04
 -9.1575162E-04
 -1.0280610E-03
 -9.9922728E-04
 -1.0772720E-03
 -8.9869439E-04
 -8.8113663E-04
 -8.6132146E-04
 -8.0394209E-04
 -4.7814992E-04
 -4.3191126E-04
 -3.9653468E-04
 -3.5548452E-05
 -6.8142585E-04
 -7.9926918E-04
 -7.9152366E-04
 -8.0872577E-04
 -8.1858417E-04
 -7.4564421E-04
 -5.6807167E-04
 -4.2287319E-04
 -3.2997111E-04
 -3.3212019E-04
 -3.2773332E-04
 -3.0007624E-04
 -1.7614862E-04
  1.1424643E-05
  1.5118402E-04
  2.5500773E-04
  3.2437732E-04
  3.5376928E-04
  4.5324265E-04
  4.3807321E-04
  2.7631261E-04
  1.1913147E-04
  6.1982777E-05
  1.3117791E-04
  4.0393101E-05
 -3.3259053E-05
 -6.1993771E-05
 -7.3550240E-05
  3.5710238E-07
  1.3327494E-04
  2.6289129E-04
  3.7547210E-04
  5.5417366E-04
  3.7064357E-04
  1.5010680E-04
  4.6835063E-04
  8.3519728E-05
  1.6267956E-04
  1.2858091E-04
 -1.8821354E-04
 -4.7539166E-04
 -5.7291437E-04
 -6.0160522E-04
 -5.7296717E-04
 -6.3633529E-04
 -5.3690240E-04
 -5.7420932E-04
 -1.0825745E-03
 -1.0817674E-03
 -7.1532896E-04
 -7.4732915E-04
 -6.2039413E-04
 -6.9124007E-04
 -7.0851552E-04
 -6.9540238E-04
 -7.7636703E-04
 -9.2705159E-04
 -1.1097550E-03
 -1.0556831E-03
 -8.1065868E-04
 -7.3947554E-04
 -6.3656492E-04
 -6.1458803E-04
 -5.8893784E-04
 -4.2724423E-04
 -3.3070336E-04
 -3.0678700E-04
 -2.9199378E-04
 -2.8237380E-04
 -3.2046082E-04
 -3.4715148E-04
 -5.3969276E-04
 -6.9273973E-04
 -7.1594655E-04
 -8.1098912E-04
 -7.8311784E-04
 -6.8826933E-04
 -6.1528105E-04
 -6.0363673E-04
 -5.7621807E-04
 -5.7779509E-04
 -6.2966807E-04
 -5.5976398E-04
 -4.5283561E-04
 -3.2218976E-04
 -2.0796381E-04
 -1.0742719E-04
 -7.1593211E-05
 -2.4511546E-05
 -6.9969130E-05
  1.1418239E-06
  6.5871718E-05
 -1.1397526E-05
 -4.6151545E-05
 -4.2574586E-05
  6.0219249E-05
  8.6809327E-05
  9.7725555E-05
  4.6177811E-05
  3.0994495E-05
 -3.0366478E-05
 -7.8476354E-05
 -8.9298621E-05
 -2.2502840E-05
  4.9449335E-07
  5.3779942E-05
 -1.5567470E-05
 -1.5728675E-04
 -2.3789704E-04
 -3.8278225E-04
 -6.0013280E-04
 -6.6693395E-04
 -7.0879434E-04
 -7.3674123E-04
 -7.9414767E-04
 -8.5873157E-04
 -7.6541683E-04
 -4.7387960E-04
 -6.6782953E-04
 -1.1900502E-03
 -1.0754447E-03
 -8.9863915E-04
 -5.6693651E-04
 -6.3161628E-04
 -6.9991231E-04
 -7.0437044E-04
 -7.0330064E-04
 -6.6747982E-04
 -6.4027862E-04
 -6.6360767E-04
 -6.6111318E-04
 -6.3079793E-04
 -5.9607846E-04
 -5.5769936E-04
 -5.6665961E-04
 -5.8053242E-04
 -5.1539985E-04
 -4.8046236E-04
 -4.9939239E-04
 -6.0063007E-04
 -7.0430234E-04
 -7.1549672E-04
 -7.3968136E-04
 -7.7807577E-04
 -8.1618986E-04
 -8.2740252E-04
 -8.5450150E-04
 -8.0215099E-04
 -7.4790500E-04
 -7.0545019E-04
 -6.9419353E-04
 -6.7733641E-04
 -6.8170868E-04
 -6.2928715E-04
 -5.1519263E-04
 -4.1816881E-04
 -3.7242530E-04
 -3.5524284E-04
 -3.1315026E-04
 -2.6756650E-04
 -2.1856805E-04
 -2.1392931E-04
 -2.1030400E-04
 -2.0768908E-04
 -2.2537365E-04
 -2.4682548E-04
 -2.4199249E-04
 -2.2678186E-04
 -2.3139192E-04
 -2.5746165E-04
 -3.7967082E-04
 -4.4079879E-04
 -5.0196529E-04
 -5.4123643E-04
 -5.2448892E-04
 -4.5679737E-04
 -3.6639918E-04
 -3.0947191E-04
 -2.8084466E-04
 -2.8576917E-04
 -4.1718737E-04
 -5.0623587E-04
 -6.4947049E-04
 -7.4430188E-04
 -8.8270463E-04
 -9.7640307E-04
 -9.8284625E-04
 -9.9894730E-04
 -5.9374672E-04
 -6.5785542E-04
 -6.0992205E-04
 -7.0645299E-04
 -5.8192620E-04
 -4.7913456E-04
 -5.6914159E-04
 -6.4740441E-04
 -5.1742006E-04
 -5.0040666E-04
 -4.7103700E-04
 -4.3307402E-04
 -4.1739095E-04
 -4.2014333E-04
 -4.2701719E-04
 -4.4750641E-04
 -4.6776634E-04
 -5.0036627E-04
 -5.3053722E-04
 -6.5589772E-04
 -7.7545358E-04
 -8.0117845E-04
 -8.3200337E-04
 -8.6486543E-04
 -8.9660526E-04
 -9.1211346E-04
 -9.2706922E-04
 -9.6569298E-04
 -9.8013598E-04
 -9.8759530E-04
 -9.9031138E-04
 -9.6058327E-04
 -9.1514917E-04
 -8.6277508E-04
 -8.2694279E-04
 -7.9916185E-04
 -7.7134656E-04
 -7.0517394E-04
 -6.6613738E-04
 -6.2386628E-04
 -5.9461728E-04
 -5.6441763E-04
 -5.1499822E-04
 -4.7252723E-04
 -4.3629113E-04
 -4.2890193E-04
 -4.3957887E-04
 -4.6641618E-04
 -5.0327240E-04
 -5.5605266E-04
 -5.9018267E-04
 -6.1213470E-04
 -6.2656333E-04
 -6.4863201E-04
 -6.9026311E-04
 -7.0328749E-04
 -6.8356865E-04
 -6.7306083E-04
 -6.5290212E-04
 -6.1203301E-04
 -5.6455325E-04
 -5.2864902E-04
 -4.9532868E-04
 -4.9734232E-04
 -4.4139090E-04
 -3.8546498E-04
 -4.1027047E-04
 -4.5162917E-04
 -4.8901112E-04
 -5.1811303E-04
 -5.2174053E-04
 -5.3788931E-04
 -5.8771018E-04
 -5.6302786E-04
 -4.7664184E-04
 -4.5133775E-04
 -4.2998107E-04
 -4.4331746E-04
 -4.7599393E-04
 -5.0588720E-04
